000001 01:44:28.906  20 37 30 30 2E 30 20 20 20 30 2E 30 31 34 0D 0A  700.0   0.014..
000002 01:44:28.921  20 36 39 39 2E 30 20 20 20 30 2E 30 31 34 0D 0A  699.0   0.014..
000003 01:44:28.937  20 36 39 38 2E 30 20 20 20 30 2E 30 31 35 0D 0A  698.0   0.015..
000004 01:44:28.953  20 36 39 37 2E 30 20 20 20 30 2E 30 31 35 0D 0A  697.0   0.015..
000005 01:44:28.968  20 36 39 36 2E 30 20 20 20 30 2E 30 31 35 0D 0A  696.0   0.015..
000006 01:44:28.984  20 36 39 35 2E 30 20 20 20 30 2E 30 31 35 0D 0A  695.0   0.015..
000007 01:44:29.000  20 36 39 34 2E 30 20 20 20 30 2E 30 31 35 0D 0A  694.0   0.015..
000008 01:44:29.031  20 36 39 33 2E 30 20 20 20 30 2E 30 31 35 0D 0A  693.0   0.015..
000009 01:44:29.046  20 36 39 32 2E 30 20 20 20 30 2E 30 31 35 0D 0A  692.0   0.015..
000010 01:44:29.062  20 36 39 31 2E 30 20 20 20 30 2E 30 31 35 0D 0A  691.0   0.015..
000011 01:44:29.078  20 36 39 30 2E 30 20 20 20 30 2E 30 31 35 0D 0A  690.0   0.015..
000012 01:44:29.093  20 36 38 39 2E 30 20 20 20 30 2E 30 31 35 0D 0A  689.0   0.015..
000013 01:44:29.109  20 36 38 38 2E 30 20 20 20 30 2E 30 31 36 0D 0A  688.0   0.016..
000014 01:44:29.125  20 36 38 37 2E 30 20 20 20 30 2E 30 31 36 0D 0A  687.0   0.016..
000015 01:44:29.156  20 36 38 36 2E 30 20 20 20 30 2E 30 31 36 0D 0A  686.0   0.016..
000016 01:44:29.156  20 36 38 35 2E 30 20 20 20 30 2E 30 31 35 0D 0A  685.0   0.015..
000017 01:44:29.171  20 36 38 34 2E 30 20 20 20 30 2E 30 31 36 0D 0A  684.0   0.016..
000018 01:44:29.187  20 36 38 33 2E 30 20 20 20 30 2E 30 31 36 0D 0A  683.0   0.016..
000019 01:44:29.203  20 36 38 32 2E 30 20 20 20 30 2E 30 31 36 0D 0A  682.0   0.016..
000020 01:44:29.218  20 36 38 31 2E 30 20 20 20 30 2E 30 31 36 0D 0A  681.0   0.016..
000021 01:44:29.234  20 36 38 30 2E 30 20 20 20 30 2E 30 31 36 0D 0A  680.0   0.016..
000022 01:44:29.265  20 36 37 39 2E 30 20 20 20 30 2E 30 31 36 0D 0A  679.0   0.016..
000023 01:44:29.281  20 36 37 38 2E 30 20 20 20 30 2E 30 31 36 0D 0A  678.0   0.016..
000024 01:44:29.296  20 36 37 37 2E 30 20 20 20 30 2E 30 31 36 0D 0A  677.0   0.016..
000025 01:44:29.312  20 36 37 36 2E 30 20 20 20 30 2E 30 31 36 0D 0A  676.0   0.016..
000026 01:44:29.328  20 36 37 35 2E 30 20 20 20 30 2E 30 31 36 0D 0A  675.0   0.016..
000027 01:44:29.343  20 36 37 34 2E 30 20 20 20 30 2E 30 31 36 0D 0A  674.0   0.016..
000028 01:44:29.359  20 36 37 33 2E 30 20 20 20 30 2E 30 31 36 0D 0A  673.0   0.016..
000029 01:44:29.390  20 36 37 32 2E 30 20 20 20 30 2E 30 31 36 0D 0A  672.0   0.016..
000030 01:44:29.406  20 36 37 31 2E 30 20 20 20 30 2E 30 31 36 0D 0A  671.0   0.016..
000031 01:44:29.421  20 36 37 30 2E 30 20 20 20 30 2E 30 31 36 0D 0A  670.0   0.016..
000032 01:44:29.421  20 36 36 39 2E 30 20 20 20 30 2E 30 31 36 0D 0A  669.0   0.016..
000033 01:44:29.437  20 36 36 38 2E 30 20 20 20 30 2E 30 31 36 0D 0A  668.0   0.016..
000034 01:44:29.453  20 36 36 37 2E 30 20 20 20 30 2E 30 31 37 0D 0A  667.0   0.017..
000035 01:44:29.468  20 36 36 36 2E 30 20 20 20 30 2E 30 31 37 0D 0A  666.0   0.017..
000036 01:44:29.500  20 36 36 35 2E 30 20 20 20 30 2E 30 31 37 0D 0A  665.0   0.017..
000037 01:44:29.515  20 36 36 34 2E 30 20 20 20 30 2E 30 31 37 0D 0A  664.0   0.017..
000038 01:44:29.531  20 36 36 33 2E 30 20 20 20 30 2E 30 31 37 0D 0A  663.0   0.017..
000039 01:44:29.562  20 36 36 32 2E 30 20 20 20 30 2E 30 31 37 0D 0A  662.0   0.017..
000040 01:44:29.562  20 36 36 31 2E 30 20 20 20 30 2E 30 31 38 0D 0A  661.0   0.018..
000041 01:44:29.578  20 36 36 30 2E 30 20 20 20 30 2E 30 31 38 0D 0A  660.0   0.018..
000042 01:44:29.593  20 36 35 39 2E 30 20 20 20 30 2E 30 31 37 0D 0A  659.0   0.017..
000043 01:44:29.625  20 36 35 38 2E 30 20 20 20 30 2E 30 31 38 0D 0A  658.0   0.018..
000044 01:44:29.640  20 36 35 37 2E 30 20 20 20 30 2E 30 31 38 0D 0A  657.0   0.018..
000045 01:44:29.656  20 36 35 36 2E 30 20 20 20 30 2E 30 31 38 0D 0A  656.0   0.018..
000046 01:44:29.671  20 36 35 35 2E 30 20 20 20 30 2E 30 31 38 0D 0A  655.0   0.018..
000047 01:44:29.687  20 36 35 34 2E 30 20 20 20 30 2E 30 31 38 0D 0A  654.0   0.018..
000048 01:44:29.687  20 36 35 33 2E 30 20 20 20 30 2E 30 31 39 0D 0A  653.0   0.019..
000049 01:44:29.703  20 36 35 32 2E 30 20 20 20 30 2E 30 31 39 0D 0A  652.0   0.019..
000050 01:44:29.734  20 36 35 31 2E 30 20 20 20 30 2E 30 31 39 0D 0A  651.0   0.019..
000051 01:44:29.750  20 36 35 30 2E 30 20 20 20 30 2E 30 31 39 0D 0A  650.0   0.019..
000052 01:44:29.765  20 36 34 39 2E 30 20 20 20 30 2E 30 31 39 0D 0A  649.0   0.019..
000053 01:44:29.812  20 36 34 38 2E 30 20 20 20 30 2E 30 32 30 0D 0A  648.0   0.020..
000054 01:44:29.812  20 36 34 37 2E 30 20 20 20 30 2E 30 32 30 0D 0A  647.0   0.020..
000055 01:44:29.812  20 36 34 36 2E 30 20 20 20 30 2E 30 32 30 0D 0A  646.0   0.020..
000056 01:44:29.828  20 36 34 35 2E 30 20 20 20 30 2E 30 31 39 0D 0A  645.0   0.019..
000057 01:44:29.859  20 36 34 34 2E 30 20 20 20 30 2E 30 32 30 0D 0A  644.0   0.020..
000058 01:44:29.875  20 36 34 33 2E 30 20 20 20 30 2E 30 32 30 0D 0A  643.0   0.020..
000059 01:44:29.890  20 36 34 32 2E 30 20 20 20 30 2E 30 31 39 0D 0A  642.0   0.019..
000060 01:44:29.906  20 36 34 31 2E 30 20 20 20 30 2E 30 31 39 0D 0A  641.0   0.019..
000061 01:44:29.921  20 36 34 30 2E 30 20 20 20 30 2E 30 31 39 0D 0A  640.0   0.019..
000062 01:44:29.937  20 36 33 39 2E 30 20 20 20 30 2E 30 31 39 0D 0A  639.0   0.019..
000063 01:44:29.937  20 36 33 38 2E 30 20 20 20 30 2E 30 32 30 0D 0A  638.0   0.020..
000064 01:44:29.968  20 36 33 37 2E 30 20 20 20 30 2E 30 32 31 0D 0A  637.0   0.021..
000065 01:44:29.984  20 36 33 36 2E 30 20 20 20 30 2E 30 32 32 0D 0A  636.0   0.022..
000066 01:44:30.000  20 36 33 35 2E 30 20 20 20 30 2E 30 32 32 0D 0A  635.0   0.022..
000067 01:44:30.015  20 36 33 34 2E 30 20 20 20 30 2E 30 32 33 0D 0A  634.0   0.023..
000068 01:44:30.031  20 36 33 33 2E 30 20 20 20 30 2E 30 32 33 0D 0A  633.0   0.023..
000069 01:44:30.046  20 36 33 32 2E 30 20 20 20 30 2E 30 32 33 0D 0A  632.0   0.023..
000070 01:44:30.062  20 36 33 31 2E 30 20 20 20 30 2E 30 32 33 0D 0A  631.0   0.023..
000071 01:44:30.093  20 36 33 30 2E 30 20 20 20 30 2E 30 32 33 0D 0A  630.0   0.023..
000072 01:44:30.109  20 36 32 39 2E 30 20 20 20 30 2E 30 32 33 0D 0A  629.0   0.023..
000073 01:44:30.125  20 36 32 38 2E 30 20 20 20 30 2E 30 32 33 0D 0A  628.0   0.023..
000074 01:44:30.140  20 36 32 37 2E 30 20 20 20 30 2E 30 32 33 0D 0A  627.0   0.023..
000075 01:44:30.156  20 36 32 36 2E 30 20 20 20 30 2E 30 32 33 0D 0A  626.0   0.023..
000076 01:44:30.171  20 36 32 35 2E 30 20 20 20 30 2E 30 32 33 0D 0A  625.0   0.023..
000077 01:44:30.187  20 36 32 34 2E 30 20 20 20 30 2E 30 32 33 0D 0A  624.0   0.023..
000078 01:44:30.203  20 36 32 33 2E 30 20 20 20 30 2E 30 32 33 0D 0A  623.0   0.023..
000079 01:44:30.218  20 36 32 32 2E 30 20 20 20 30 2E 30 32 33 0D 0A  622.0   0.023..
000080 01:44:30.234  20 36 32 31 2E 30 20 20 20 30 2E 30 32 33 0D 0A  621.0   0.023..
000081 01:44:30.250  20 36 32 30 2E 30 20 20 20 30 2E 30 32 33 0D 0A  620.0   0.023..
000082 01:44:30.265  20 36 31 39 2E 30 20 20 20 30 2E 30 32 33 0D 0A  619.0   0.023..
000083 01:44:30.281  20 36 31 38 2E 30 20 20 20 30 2E 30 32 34 0D 0A  618.0   0.024..
000084 01:44:30.296  20 36 31 37 2E 30 20 20 20 30 2E 30 32 34 0D 0A  617.0   0.024..
000085 01:44:30.328  20 36 31 36 2E 30 20 20 20 30 2E 30 32 34 0D 0A  616.0   0.024..
000086 01:44:30.343  20 36 31 35 2E 30 20 20 20 30 2E 30 32 34 0D 0A  615.0   0.024..
000087 01:44:30.359  20 36 31 34 2E 30 20 20 20 30 2E 30 32 34 0D 0A  614.0   0.024..
000088 01:44:30.375  20 36 31 33 2E 30 20 20 20 30 2E 30 32 34 0D 0A  613.0   0.024..
000089 01:44:30.390  20 36 31 32 2E 30 20 20 20 30 2E 30 32 34 0D 0A  612.0   0.024..
000090 01:44:30.406  20 36 31 31 2E 30 20 20 20 30 2E 30 32 34 0D 0A  611.0   0.024..
000091 01:44:30.421  20 36 31 30 2E 30 20 20 20 30 2E 30 32 34 0D 0A  610.0   0.024..
000092 01:44:30.453  20 36 30 39 2E 30 20 20 20 30 2E 30 32 34 0D 0A  609.0   0.024..
000093 01:44:30.468  20 36 30 38 2E 30 20 20 20 30 2E 30 32 34 0D 0A  608.0   0.024..
000094 01:44:30.468  20 36 30 37 2E 30 20 20 20 30 2E 30 32 34 0D 0A  607.0   0.024..
000095 01:44:30.484  20 36 30 36 2E 30 20 20 20 30 2E 30 32 34 0D 0A  606.0   0.024..
000096 01:44:30.500  20 36 30 35 2E 30 20 20 20 30 2E 30 32 34 0D 0A  605.0   0.024..
000097 01:44:30.515  20 36 30 34 2E 30 20 20 20 30 2E 30 32 34 0D 0A  604.0   0.024..
000098 01:44:30.531  20 36 30 33 2E 30 20 20 20 30 2E 30 32 34 0D 0A  603.0   0.024..
000099 01:44:30.562  20 36 30 32 2E 30 20 20 20 30 2E 30 32 34 0D 0A  602.0   0.024..
000100 01:44:30.578  20 36 30 31 2E 30 20 20 20 30 2E 30 32 34 0D 0A  601.0   0.024..
000101 01:44:30.593  20 36 30 30 2E 30 20 20 20 30 2E 30 32 34 0D 0A  600.0   0.024..
000102 01:44:30.609  20 35 39 39 2E 30 20 20 20 30 2E 30 32 34 0D 0A  599.0   0.024..
000103 01:44:30.625  20 35 39 38 2E 30 20 20 20 30 2E 30 32 34 0D 0A  598.0   0.024..
000104 01:44:30.640  20 35 39 37 2E 30 20 20 20 30 2E 30 32 35 0D 0A  597.0   0.025..
000105 01:44:30.656  20 35 39 36 2E 30 20 20 20 30 2E 30 32 35 0D 0A  596.0   0.025..
000106 01:44:30.687  20 35 39 35 2E 30 20 20 20 30 2E 30 32 35 0D 0A  595.0   0.025..
000107 01:44:30.703  20 35 39 34 2E 30 20 20 20 30 2E 30 32 35 0D 0A  594.0   0.025..
000108 01:44:30.718  20 35 39 33 2E 30 20 20 20 30 2E 30 32 35 0D 0A  593.0   0.025..
000109 01:44:30.734  20 35 39 32 2E 30 20 20 20 30 2E 30 32 35 0D 0A  592.0   0.025..
000110 01:44:30.750  20 35 39 31 2E 30 20 20 20 30 2E 30 32 35 0D 0A  591.0   0.025..
000111 01:44:30.750  20 35 39 30 2E 30 20 20 20 30 2E 30 32 35 0D 0A  590.0   0.025..
000112 01:44:30.765  20 35 38 39 2E 30 20 20 20 30 2E 30 32 35 0D 0A  589.0   0.025..
000113 01:44:30.796  20 35 38 38 2E 30 20 20 20 30 2E 30 32 35 0D 0A  588.0   0.025..
000114 01:44:30.812  20 35 38 37 2E 30 20 20 20 30 2E 30 32 36 0D 0A  587.0   0.026..
000115 01:44:30.828  20 35 38 36 2E 30 20 20 20 30 2E 30 32 36 0D 0A  586.0   0.026..
000116 01:44:30.843  20 35 38 35 2E 30 20 20 20 30 2E 30 32 36 0D 0A  585.0   0.026..
000117 01:44:30.890  20 35 38 34 2E 30 20 20 20 30 2E 30 32 36 0D 0A  584.0   0.026..
000118 01:44:30.890  20 35 38 33 2E 30 20 20 20 30 2E 30 32 36 0D 0A  583.0   0.026..
000119 01:44:30.890  20 35 38 32 2E 30 20 20 20 30 2E 30 32 36 0D 0A  582.0   0.026..
000120 01:44:30.921  20 35 38 31 2E 30 20 20 20 30 2E 30 32 36 0D 0A  581.0   0.026..
000121 01:44:30.937  20 35 38 30 2E 30 20 20 20 30 2E 30 32 36 0D 0A  580.0   0.026..
000122 01:44:30.953  20 35 37 39 2E 30 20 20 20 30 2E 30 32 36 0D 0A  579.0   0.026..
000123 01:44:30.968  20 35 37 38 2E 30 20 20 20 30 2E 30 32 36 0D 0A  578.0   0.026..
000124 01:44:30.984  20 35 37 37 2E 30 20 20 20 30 2E 30 32 37 0D 0A  577.0   0.027..
000125 01:44:30.984  20 35 37 36 2E 30 20 20 20 30 2E 30 32 37 0D 0A  576.0   0.027..
000126 01:44:31.000  20 35 37 35 2E 30 20 20 20 30 2E 30 32 37 0D 0A  575.0   0.027..
000127 01:44:31.031  20 35 37 34 2E 30 20 20 20 30 2E 30 32 37 0D 0A  574.0   0.027..
000128 01:44:31.046  20 35 37 33 2E 30 20 20 20 30 2E 30 32 37 0D 0A  573.0   0.027..
000129 01:44:31.062  20 35 37 32 2E 30 20 20 20 30 2E 30 32 37 0D 0A  572.0   0.027..
000130 01:44:31.078  20 35 37 31 2E 30 20 20 20 30 2E 30 32 37 0D 0A  571.0   0.027..
000131 01:44:31.093  20 35 37 30 2E 30 20 20 20 30 2E 30 32 37 0D 0A  570.0   0.027..
000132 01:44:31.109  20 35 36 39 2E 30 20 20 20 30 2E 30 32 37 0D 0A  569.0   0.027..
000133 01:44:31.125  20 35 36 38 2E 30 20 20 20 30 2E 30 32 37 0D 0A  568.0   0.027..
000134 01:44:31.156  20 35 36 37 2E 30 20 20 20 30 2E 30 32 37 0D 0A  567.0   0.027..
000135 01:44:31.171  20 35 36 36 2E 30 20 20 20 30 2E 30 32 38 0D 0A  566.0   0.028..
000136 01:44:31.187  20 35 36 35 2E 30 20 20 20 30 2E 30 32 38 0D 0A  565.0   0.028..
000137 01:44:31.203  20 35 36 34 2E 30 20 20 20 30 2E 30 32 38 0D 0A  564.0   0.028..
000138 01:44:31.218  20 35 36 33 2E 30 20 20 20 30 2E 30 32 38 0D 0A  563.0   0.028..
000139 01:44:31.234  20 35 36 32 2E 30 20 20 20 30 2E 30 32 38 0D 0A  562.0   0.028..
000140 01:44:31.250  20 35 36 31 2E 30 20 20 20 30 2E 30 32 38 0D 0A  561.0   0.028..
000141 01:44:31.265  20 35 36 30 2E 30 20 20 20 30 2E 30 32 39 0D 0A  560.0   0.029..
000142 01:44:31.281  20 35 35 39 2E 30 20 20 20 30 2E 30 32 39 0D 0A  559.0   0.029..
000143 01:44:31.296  20 35 35 38 2E 30 20 20 20 30 2E 30 32 39 0D 0A  558.0   0.029..
000144 01:44:31.312  20 35 35 37 2E 30 20 20 20 30 2E 30 32 39 0D 0A  557.0   0.029..
000145 01:44:31.328  20 35 35 36 2E 30 20 20 20 30 2E 30 32 39 0D 0A  556.0   0.029..
000146 01:44:31.343  20 35 35 35 2E 30 20 20 20 30 2E 30 32 39 0D 0A  555.0   0.029..
000147 01:44:31.359  20 35 35 34 2E 30 20 20 20 30 2E 30 33 30 0D 0A  554.0   0.030..
000148 01:44:31.421  20 35 35 33 2E 30 20 20 20 30 2E 30 33 30 0D 0A  553.0   0.030..
000149 01:44:31.421  20 35 35 32 2E 30 20 20 20 30 2E 30 33 30 0D 0A  552.0   0.030..
000150 01:44:31.421  20 35 35 31 2E 30 20 20 20 30 2E 30 33 30 0D 0A  551.0   0.030..
000151 01:44:31.437  20 35 35 30 2E 30 20 20 20 30 2E 30 33 31 0D 0A  550.0   0.031..
000152 01:44:31.453  20 35 34 39 2E 30 20 20 20 30 2E 30 33 31 0D 0A  549.0   0.031..
000153 01:44:31.468  20 35 34 38 2E 30 20 20 20 30 2E 30 33 31 0D 0A  548.0   0.031..
000154 01:44:31.484  20 35 34 37 2E 30 20 20 20 30 2E 30 33 31 0D 0A  547.0   0.031..
000155 01:44:31.515  20 35 34 36 2E 30 20 20 20 30 2E 30 33 32 0D 0A  546.0   0.032..
000156 01:44:31.515  20 35 34 35 2E 30 20 20 20 30 2E 30 33 32 0D 0A  545.0   0.032..
000157 01:44:31.531  20 35 34 34 2E 30 20 20 20 30 2E 30 33 33 0D 0A  544.0   0.033..
000158 01:44:31.546  20 35 34 33 2E 30 20 20 20 30 2E 30 33 33 0D 0A  543.0   0.033..
000159 01:44:31.562  20 35 34 32 2E 30 20 20 20 30 2E 30 33 33 0D 0A  542.0   0.033..
000160 01:44:31.578  20 35 34 31 2E 30 20 20 20 30 2E 30 33 34 0D 0A  541.0   0.034..
000161 01:44:31.593  20 35 34 30 2E 30 20 20 20 30 2E 30 33 34 0D 0A  540.0   0.034..
000162 01:44:31.625  20 35 33 39 2E 30 20 20 20 30 2E 30 33 35 0D 0A  539.0   0.035..
000163 01:44:31.640  20 35 33 38 2E 30 20 20 20 30 2E 30 33 36 0D 0A  538.0   0.036..
000164 01:44:31.656  20 35 33 37 2E 30 20 20 20 30 2E 30 33 36 0D 0A  537.0   0.036..
000165 01:44:31.671  20 35 33 36 2E 30 20 20 20 30 2E 30 33 31 0D 0A  536.0   0.031..
000166 01:44:31.687  20 35 33 35 2E 30 20 20 20 30 2E 30 33 31 0D 0A  535.0   0.031..
000167 01:44:31.703  20 35 33 34 2E 30 20 20 20 30 2E 30 33 31 0D 0A  534.0   0.031..
000168 01:44:31.718  20 35 33 33 2E 30 20 20 20 30 2E 30 33 32 0D 0A  533.0   0.032..
000169 01:44:31.750  20 35 33 32 2E 30 20 20 20 30 2E 30 33 32 0D 0A  532.0   0.032..
000170 01:44:31.765  20 35 33 31 2E 30 20 20 20 30 2E 30 33 32 0D 0A  531.0   0.032..
000171 01:44:31.781  20 35 33 30 2E 30 20 20 20 30 2E 30 33 32 0D 0A  530.0   0.032..
000172 01:44:31.781  20 35 32 39 2E 30 20 20 20 30 2E 30 33 32 0D 0A  529.0   0.032..
000173 01:44:31.796  20 35 32 38 2E 30 20 20 20 30 2E 30 33 33 0D 0A  528.0   0.033..
000174 01:44:31.812  20 35 32 37 2E 30 20 20 20 30 2E 30 33 33 0D 0A  527.0   0.033..
000175 01:44:31.828  20 35 32 36 2E 30 20 20 20 30 2E 30 33 33 0D 0A  526.0   0.033..
000176 01:44:31.859  20 35 32 35 2E 30 20 20 20 30 2E 30 33 33 0D 0A  525.0   0.033..
000177 01:44:31.875  20 35 32 34 2E 30 20 20 20 30 2E 30 33 33 0D 0A  524.0   0.033..
000178 01:44:31.890  20 35 32 33 2E 30 20 20 20 30 2E 30 33 34 0D 0A  523.0   0.034..
000179 01:44:31.906  20 35 32 32 2E 30 20 20 20 30 2E 30 33 34 0D 0A  522.0   0.034..
000180 01:44:31.921  20 35 32 31 2E 30 20 20 20 30 2E 30 33 34 0D 0A  521.0   0.034..
000181 01:44:31.937  20 35 32 30 2E 30 20 20 20 30 2E 30 33 34 0D 0A  520.0   0.034..
000182 01:44:31.953  20 35 31 39 2E 30 20 20 20 30 2E 30 33 35 0D 0A  519.0   0.035..
000183 01:44:31.984  20 35 31 38 2E 30 20 20 20 30 2E 30 33 35 0D 0A  518.0   0.035..
000184 01:44:32.000  20 35 31 37 2E 30 20 20 20 30 2E 30 33 35 0D 0A  517.0   0.035..
000185 01:44:32.015  20 35 31 36 2E 30 20 20 20 30 2E 30 33 35 0D 0A  516.0   0.035..
000186 01:44:32.031  20 35 31 35 2E 30 20 20 20 30 2E 30 33 36 0D 0A  515.0   0.036..
000187 01:44:32.046  20 35 31 34 2E 30 20 20 20 30 2E 30 33 36 0D 0A  514.0   0.036..
000188 01:44:32.046  20 35 31 33 2E 30 20 20 20 30 2E 30 33 36 0D 0A  513.0   0.036..
000189 01:44:32.062  20 35 31 32 2E 30 20 20 20 30 2E 30 33 36 0D 0A  512.0   0.036..
000190 01:44:32.093  20 35 31 31 2E 30 20 20 20 30 2E 30 33 36 0D 0A  511.0   0.036..
000191 01:44:32.109  20 35 31 30 2E 30 20 20 20 30 2E 30 33 37 0D 0A  510.0   0.037..
000192 01:44:32.125  20 35 30 39 2E 30 20 20 20 30 2E 30 33 37 0D 0A  509.0   0.037..
000193 01:44:32.140  20 35 30 38 2E 30 20 20 20 30 2E 30 33 37 0D 0A  508.0   0.037..
000194 01:44:32.156  20 35 30 37 2E 30 20 20 20 30 2E 30 33 37 0D 0A  507.0   0.037..
000195 01:44:32.171  20 35 30 36 2E 30 20 20 20 30 2E 30 33 37 0D 0A  506.0   0.037..
000196 01:44:32.187  20 35 30 35 2E 30 20 20 20 30 2E 30 33 38 0D 0A  505.0   0.038..
000197 01:44:32.218  20 35 30 34 2E 30 20 20 20 30 2E 30 33 38 0D 0A  504.0   0.038..
000198 01:44:32.234  20 35 30 33 2E 30 20 20 20 30 2E 30 33 38 0D 0A  503.0   0.038..
000199 01:44:32.250  20 35 30 32 2E 30 20 20 20 30 2E 30 33 38 0D 0A  502.0   0.038..
000200 01:44:32.265  20 35 30 31 2E 30 20 20 20 30 2E 30 33 38 0D 0A  501.0   0.038..
000201 01:44:32.281  20 35 30 30 2E 30 20 20 20 30 2E 30 33 38 0D 0A  500.0   0.038..
000202 01:44:32.296  20 34 39 39 2E 30 20 20 20 30 2E 30 33 39 0D 0A  499.0   0.039..
000203 01:44:32.296  20 34 39 38 2E 30 20 20 20 30 2E 30 33 39 0D 0A  498.0   0.039..
000204 01:44:32.328  20 34 39 37 2E 30 20 20 20 30 2E 30 34 30 0D 0A  497.0   0.040..
000205 01:44:32.343  20 34 39 36 2E 30 20 20 20 30 2E 30 34 30 0D 0A  496.0   0.040..
000206 01:44:32.375  20 34 39 35 2E 30 20 20 20 30 2E 30 33 39 0D 0A  495.0   0.039..
000207 01:44:32.375  20 34 39 34 2E 30 20 20 20 30 2E 30 33 39 0D 0A  494.0   0.039..
000208 01:44:32.390  20 34 39 33 2E 30 20 20 20 30 2E 30 33 39 0D 0A  493.0   0.039..
000209 01:44:32.406  20 34 39 32 2E 30 20 20 20 30 2E 30 34 30 0D 0A  492.0   0.040..
000210 01:44:32.421  20 34 39 31 2E 30 20 20 20 30 2E 30 34 30 0D 0A  491.0   0.040..
000211 01:44:32.453  20 34 39 30 2E 30 20 20 20 30 2E 30 34 30 0D 0A  490.0   0.040..
000212 01:44:32.468  20 34 38 39 2E 30 20 20 20 30 2E 30 34 30 0D 0A  489.0   0.040..
000213 01:44:32.484  20 34 38 38 2E 30 20 20 20 30 2E 30 34 30 0D 0A  488.0   0.040..
000214 01:44:32.500  20 34 38 37 2E 30 20 20 20 30 2E 30 34 31 0D 0A  487.0   0.041..
000215 01:44:32.515  20 34 38 36 2E 30 20 20 20 30 2E 30 34 31 0D 0A  486.0   0.041..
000216 01:44:32.531  20 34 38 35 2E 30 20 20 20 30 2E 30 34 31 0D 0A  485.0   0.041..
000217 01:44:32.546  20 34 38 34 2E 30 20 20 20 30 2E 30 34 31 0D 0A  484.0   0.041..
000218 01:44:32.562  20 34 38 33 2E 30 20 20 20 30 2E 30 34 31 0D 0A  483.0   0.041..
000219 01:44:32.593  20 34 38 32 2E 30 20 20 20 30 2E 30 34 31 0D 0A  482.0   0.041..
000220 01:44:32.625  20 34 38 31 2E 30 20 20 20 30 2E 30 34 31 0D 0A  481.0   0.041..
000221 01:44:32.625  20 34 38 30 2E 30 20 20 20 30 2E 30 34 32 0D 0A  480.0   0.042..
000222 01:44:32.625  20 34 37 39 2E 30 20 20 20 30 2E 30 34 32 0D 0A  479.0   0.042..
000223 01:44:32.640  20 34 37 38 2E 30 20 20 20 30 2E 30 34 32 0D 0A  478.0   0.042..
000224 01:44:32.656  20 34 37 37 2E 30 20 20 20 30 2E 30 34 32 0D 0A  477.0   0.042..
000225 01:44:32.687  20 34 37 36 2E 30 20 20 20 30 2E 30 34 32 0D 0A  476.0   0.042..
000226 01:44:32.703  20 34 37 35 2E 30 20 20 20 30 2E 30 34 32 0D 0A  475.0   0.042..
000227 01:44:32.718  20 34 37 34 2E 30 20 20 20 30 2E 30 34 33 0D 0A  474.0   0.043..
000228 01:44:32.734  20 34 37 33 2E 30 20 20 20 30 2E 30 34 33 0D 0A  473.0   0.043..
000229 01:44:32.750  20 34 37 32 2E 30 20 20 20 30 2E 30 34 33 0D 0A  472.0   0.043..
000230 01:44:32.765  20 34 37 31 2E 30 20 20 20 30 2E 30 34 34 0D 0A  471.0   0.044..
000231 01:44:32.781  20 34 37 30 2E 30 20 20 20 30 2E 30 34 34 0D 0A  470.0   0.044..
000232 01:44:32.812  20 34 36 39 2E 30 20 20 20 30 2E 30 34 34 0D 0A  469.0   0.044..
000233 01:44:32.828  20 34 36 38 2E 30 20 20 20 30 2E 30 34 35 0D 0A  468.0   0.045..
000234 01:44:32.828  20 34 36 37 2E 30 20 20 20 30 2E 30 34 35 0D 0A  467.0   0.045..
000235 01:44:32.843  20 34 36 36 2E 30 20 20 20 30 2E 30 34 35 0D 0A  466.0   0.045..
000236 01:44:32.859  20 34 36 35 2E 30 20 20 20 30 2E 30 34 35 0D 0A  465.0   0.045..
000237 01:44:32.875  20 34 36 34 2E 30 20 20 20 30 2E 30 34 35 0D 0A  464.0   0.045..
000238 01:44:32.890  20 34 36 33 2E 30 20 20 20 30 2E 30 34 35 0D 0A  463.0   0.045..
000239 01:44:32.921  20 34 36 32 2E 30 20 20 20 30 2E 30 34 35 0D 0A  462.0   0.045..
000240 01:44:32.937  20 34 36 31 2E 30 20 20 20 30 2E 30 34 35 0D 0A  461.0   0.045..
000241 01:44:32.953  20 34 36 30 2E 30 20 20 20 30 2E 30 34 36 0D 0A  460.0   0.046..
000242 01:44:32.968  20 34 35 39 2E 30 20 20 20 30 2E 30 34 36 0D 0A  459.0   0.046..
000243 01:44:32.984  20 34 35 38 2E 30 20 20 20 30 2E 30 34 37 0D 0A  458.0   0.047..
000244 01:44:33.000  20 34 35 37 2E 30 20 20 20 30 2E 30 34 37 0D 0A  457.0   0.047..
000245 01:44:33.015  20 34 35 36 2E 30 20 20 20 30 2E 30 34 37 0D 0A  456.0   0.047..
000246 01:44:33.046  20 34 35 35 2E 30 20 20 20 30 2E 30 34 38 0D 0A  455.0   0.048..
000247 01:44:33.062  20 34 35 34 2E 30 20 20 20 30 2E 30 34 39 0D 0A  454.0   0.049..
000248 01:44:33.078  20 34 35 33 2E 30 20 20 20 30 2E 30 35 30 0D 0A  453.0   0.050..
000249 01:44:33.093  20 34 35 32 2E 30 20 20 20 30 2E 30 35 30 0D 0A  452.0   0.050..
000250 01:44:33.093  20 34 35 31 2E 30 20 20 20 30 2E 30 35 31 0D 0A  451.0   0.051..
000251 01:44:33.109  20 34 35 30 2E 30 20 20 20 30 2E 30 35 32 0D 0A  450.0   0.052..
000252 01:44:33.140  20 34 34 39 2E 30 20 20 20 30 2E 30 35 32 0D 0A  449.0   0.052..
000253 01:44:33.156  20 34 34 38 2E 30 20 20 20 30 2E 30 35 33 0D 0A  448.0   0.053..
000254 01:44:33.171  20 34 34 37 2E 30 20 20 20 30 2E 30 35 34 0D 0A  447.0   0.054..
000255 01:44:33.187  20 34 34 36 2E 30 20 20 20 30 2E 30 35 34 0D 0A  446.0   0.054..
000256 01:44:33.203  20 34 34 35 2E 30 20 20 20 30 2E 30 35 35 0D 0A  445.0   0.055..
000257 01:44:33.218  20 34 34 34 2E 30 20 20 20 30 2E 30 35 35 0D 0A  444.0   0.055..
000258 01:44:33.234  20 34 34 33 2E 30 20 20 20 30 2E 30 35 36 0D 0A  443.0   0.056..
000259 01:44:33.250  20 34 34 32 2E 30 20 20 20 30 2E 30 35 36 0D 0A  442.0   0.056..
000260 01:44:33.281  20 34 34 31 2E 30 20 20 20 30 2E 30 35 37 0D 0A  441.0   0.057..
000261 01:44:33.296  20 34 34 30 2E 30 20 20 20 30 2E 30 35 37 0D 0A  440.0   0.057..
000262 01:44:33.312  20 34 33 39 2E 30 20 20 20 30 2E 30 35 38 0D 0A  439.0   0.058..
000263 01:44:33.328  20 34 33 38 2E 30 20 20 20 30 2E 30 35 39 0D 0A  438.0   0.059..
000264 01:44:33.343  20 34 33 37 2E 30 20 20 20 30 2E 30 36 30 0D 0A  437.0   0.060..
000265 01:44:33.359  20 34 33 36 2E 30 20 20 20 30 2E 30 36 30 0D 0A  436.0   0.060..
000266 01:44:33.359  20 34 33 35 2E 30 20 20 20 30 2E 30 36 32 0D 0A  435.0   0.062..
000267 01:44:33.390  20 34 33 34 2E 30 20 20 20 30 2E 30 36 33 0D 0A  434.0   0.063..
000268 01:44:33.406  20 34 33 33 2E 30 20 20 20 30 2E 30 36 34 0D 0A  433.0   0.064..
000269 01:44:33.421  20 34 33 32 2E 30 20 20 20 30 2E 30 36 35 0D 0A  432.0   0.065..
000270 01:44:33.437  20 34 33 31 2E 30 20 20 20 30 2E 30 36 37 0D 0A  431.0   0.067..
000271 01:44:33.453  20 34 33 30 2E 30 20 20 20 30 2E 30 36 38 0D 0A  430.0   0.068..
000272 01:44:33.468  20 34 32 39 2E 30 20 20 20 30 2E 30 37 30 0D 0A  429.0   0.070..
000273 01:44:33.484  20 34 32 38 2E 30 20 20 20 30 2E 30 37 32 0D 0A  428.0   0.072..
000274 01:44:33.515  20 34 32 37 2E 30 20 20 20 30 2E 30 37 34 0D 0A  427.0   0.074..
000275 01:44:33.531  20 34 32 36 2E 30 20 20 20 30 2E 30 37 36 0D 0A  426.0   0.076..
000276 01:44:33.546  20 34 32 35 2E 30 20 20 20 30 2E 30 37 38 0D 0A  425.0   0.078..
000277 01:44:33.562  20 34 32 34 2E 30 20 20 20 30 2E 30 38 31 0D 0A  424.0   0.081..
000278 01:44:33.578  20 34 32 33 2E 30 20 20 20 30 2E 30 38 34 0D 0A  423.0   0.084..
000279 01:44:33.593  20 34 32 32 2E 30 20 20 20 30 2E 30 38 37 0D 0A  422.0   0.087..
000280 01:44:33.609  20 34 32 31 2E 30 20 20 20 30 2E 30 39 30 0D 0A  421.0   0.090..
000281 01:44:33.625  20 34 32 30 2E 30 20 20 20 30 2E 30 39 34 0D 0A  420.0   0.094..
000282 01:44:33.640  20 34 31 39 2E 30 20 20 20 30 2E 30 39 38 0D 0A  419.0   0.098..
000283 01:44:33.656  20 34 31 38 2E 30 20 20 20 30 2E 31 30 33 0D 0A  418.0   0.103..
000284 01:44:33.687  20 34 31 37 2E 30 20 20 20 30 2E 31 30 38 0D 0A  417.0   0.108..
000285 01:44:33.687  20 34 31 36 2E 30 20 20 20 30 2E 31 31 33 0D 0A  416.0   0.113..
000286 01:44:33.703  20 34 31 35 2E 30 20 20 20 30 2E 31 31 36 0D 0A  415.0   0.116..
000287 01:44:33.718  20 34 31 34 2E 30 20 20 20 30 2E 31 32 32 0D 0A  414.0   0.122..
000288 01:44:33.750  20 34 31 33 2E 30 20 20 20 30 2E 31 32 39 0D 0A  413.0   0.129..
000289 01:44:33.765  20 34 31 32 2E 30 20 20 20 30 2E 31 33 36 0D 0A  412.0   0.136..
000290 01:44:33.781  20 34 31 31 2E 30 20 20 20 30 2E 31 34 34 0D 0A  411.0   0.144..
000291 01:44:33.796  20 34 31 30 2E 30 20 20 20 30 2E 31 35 30 0D 0A  410.0   0.150..
000292 01:44:33.812  20 34 30 39 2E 30 20 20 20 30 2E 31 35 37 0D 0A  409.0   0.157..
000293 01:44:33.828  20 34 30 38 2E 30 20 20 20 30 2E 31 36 32 0D 0A  408.0   0.162..
000294 01:44:33.843  20 34 30 37 2E 30 20 20 20 30 2E 31 36 37 0D 0A  407.0   0.167..
000295 01:44:33.875  20 34 30 36 2E 30 20 20 20 30 2E 31 37 31 0D 0A  406.0   0.171..
000296 01:44:33.875  20 34 30 35 2E 30 20 20 20 30 2E 31 37 33 0D 0A  405.0   0.173..
000297 01:44:33.906  20 34 30 34 2E 30 20 20 20 30 2E 31 37 34 0D 0A  404.0   0.174..
000298 01:44:33.937  20 34 30 33 2E 30 20 20 20 30 2E 31 37 34 0D 0A  403.0   0.174..
000299 01:44:33.937  20 34 30 32 2E 30 20 20 20 30 2E 31 37 33 0D 0A  402.0   0.173..
000300 01:44:33.937  20 34 30 31 2E 30 20 20 20 30 2E 31 37 31 0D 0A  401.0   0.171..
000301 01:44:33.953  20 34 30 30 2E 30 20 20 20 30 2E 31 36 38 0D 0A  400.0   0.168..
000302 01:44:33.984  20 33 39 39 2E 30 20 20 20 30 2E 31 36 35 0D 0A  399.0   0.165..
000303 01:44:34.015  20 33 39 38 2E 30 20 20 20 30 2E 31 36 32 0D 0A  398.0   0.162..
000304 01:44:34.015  20 33 39 37 2E 30 20 20 20 30 2E 31 35 38 0D 0A  397.0   0.158..
000305 01:44:34.031  20 33 39 36 2E 30 20 20 20 30 2E 31 35 35 0D 0A  396.0   0.155..
000306 01:44:34.046  20 33 39 35 2E 30 20 20 20 30 2E 31 35 32 0D 0A  395.0   0.152..
000307 01:44:34.062  20 33 39 34 2E 30 20 20 20 30 2E 31 34 39 0D 0A  394.0   0.149..
000308 01:44:34.078  20 33 39 33 2E 30 20 20 20 30 2E 31 34 36 0D 0A  393.0   0.146..
000309 01:44:34.109  20 33 39 32 2E 30 20 20 20 30 2E 31 34 33 0D 0A  392.0   0.143..
000310 01:44:34.125  20 33 39 31 2E 30 20 20 20 30 2E 31 34 31 0D 0A  391.0   0.141..
000311 01:44:34.140  20 33 39 30 2E 30 20 20 20 30 2E 31 33 39 0D 0A  390.0   0.139..
000312 01:44:34.140  20 33 38 39 2E 30 20 20 20 30 2E 31 33 37 0D 0A  389.0   0.137..
000313 01:44:34.156  20 33 38 38 2E 30 20 20 20 30 2E 31 33 35 0D 0A  388.0   0.135..
000314 01:44:34.171  20 33 38 37 2E 30 20 20 20 30 2E 31 33 34 0D 0A  387.0   0.134..
000315 01:44:34.187  20 33 38 36 2E 30 20 20 20 30 2E 31 33 32 0D 0A  386.0   0.132..
000316 01:44:34.234  20 33 38 35 2E 30 20 20 20 30 2E 31 33 31 0D 0A  385.0   0.131..
000317 01:44:34.234  20 33 38 34 2E 30 20 20 20 30 2E 31 33 30 0D 0A  384.0   0.130..
000318 01:44:34.250  20 33 38 33 2E 30 20 20 20 30 2E 31 32 39 0D 0A  383.0   0.129..
000319 01:44:34.265  20 33 38 32 2E 30 20 20 20 30 2E 31 32 38 0D 0A  382.0   0.128..
000320 01:44:34.281  20 33 38 31 2E 30 20 20 20 30 2E 31 32 37 0D 0A  381.0   0.127..
000321 01:44:34.296  20 33 38 30 2E 30 20 20 20 30 2E 31 32 36 0D 0A  380.0   0.126..
000322 01:44:34.312  20 33 37 39 2E 30 20 20 20 30 2E 31 32 35 0D 0A  379.0   0.125..
000323 01:44:34.343  20 33 37 38 2E 30 20 20 20 30 2E 31 32 34 0D 0A  378.0   0.124..
000324 01:44:34.359  20 33 37 37 2E 30 20 20 20 30 2E 31 32 34 0D 0A  377.0   0.124..
000325 01:44:34.375  20 33 37 36 2E 30 20 20 20 30 2E 31 32 33 0D 0A  376.0   0.123..
000326 01:44:34.390  20 33 37 35 2E 30 20 20 20 30 2E 31 32 33 0D 0A  375.0   0.123..
000327 01:44:34.406  20 33 37 34 2E 30 20 20 20 30 2E 31 32 32 0D 0A  374.0   0.122..
000328 01:44:34.406  20 33 37 33 2E 30 20 20 20 30 2E 31 32 32 0D 0A  373.0   0.122..
000329 01:44:34.421  20 33 37 32 2E 30 20 20 20 30 2E 31 32 32 0D 0A  372.0   0.122..
000330 01:44:34.484  20 33 37 31 2E 30 20 20 20 30 2E 31 32 32 0D 0A  371.0   0.122..
000331 01:44:34.484  20 33 37 30 2E 30 20 20 20 30 2E 31 32 31 0D 0A  370.0   0.121..
000332 01:44:34.484  20 33 36 39 2E 30 20 20 20 30 2E 31 32 32 0D 0A  369.0   0.122..
000333 01:44:34.500  20 33 36 38 2E 30 20 20 20 30 2E 31 32 32 0D 0A  368.0   0.122..
000334 01:44:34.515  20 33 36 37 2E 30 20 20 20 30 2E 31 32 32 0D 0A  367.0   0.122..
000335 01:44:34.531  20 33 36 36 2E 30 20 20 20 30 2E 31 32 33 0D 0A  366.0   0.123..
000336 01:44:34.546  20 33 36 35 2E 30 20 20 20 30 2E 31 32 34 0D 0A  365.0   0.124..
000337 01:44:34.578  20 33 36 34 2E 30 20 20 20 30 2E 31 32 34 0D 0A  364.0   0.124..
000338 01:44:34.593  20 33 36 33 2E 30 20 20 20 30 2E 31 32 35 0D 0A  363.0   0.125..
000339 01:44:34.609  20 33 36 32 2E 30 20 20 20 30 2E 31 32 35 0D 0A  362.0   0.125..
000340 01:44:34.625  20 33 36 31 2E 30 20 20 20 30 2E 31 32 35 0D 0A  361.0   0.125..
000341 01:44:34.640  20 33 36 30 2E 30 20 20 20 30 2E 31 32 36 0D 0A  360.0   0.126..
000342 01:44:34.656  20 33 35 39 2E 30 20 20 20 30 2E 31 32 36 0D 0A  359.0   0.126..
000343 01:44:34.671  20 33 35 38 2E 30 20 20 20 30 2E 31 32 37 0D 0A  358.0   0.127..
000344 01:44:34.687  20 33 35 37 2E 30 20 20 20 30 2E 31 32 37 0D 0A  357.0   0.127..
000345 01:44:34.703  20 33 35 36 2E 30 20 20 20 30 2E 31 32 38 0D 0A  356.0   0.128..
000346 01:44:34.718  20 33 35 35 2E 30 20 20 20 30 2E 31 32 38 0D 0A  355.0   0.128..
000347 01:44:34.734  20 33 35 34 2E 30 20 20 20 30 2E 31 32 39 0D 0A  354.0   0.129..
000348 01:44:34.750  20 33 35 33 2E 30 20 20 20 30 2E 31 33 30 0D 0A  353.0   0.130..
000349 01:44:34.765  20 33 35 32 2E 30 20 20 20 30 2E 31 33 30 0D 0A  352.0   0.130..
000350 01:44:34.781  20 33 35 31 2E 30 20 20 20 30 2E 31 33 30 0D 0A  351.0   0.130..
000351 01:44:34.812  20 33 35 30 2E 30 20 20 20 30 2E 31 33 31 0D 0A  350.0   0.131..
000352 01:44:34.828  20 33 34 39 2E 30 20 20 20 30 2E 31 33 32 0D 0A  349.0   0.132..
000353 01:44:34.843  20 33 34 38 2E 30 20 20 20 30 2E 31 33 33 0D 0A  348.0   0.133..
000354 01:44:34.859  20 33 34 37 2E 30 20 20 20 30 2E 31 33 33 0D 0A  347.0   0.133..
000355 01:44:34.875  20 33 34 36 2E 30 20 20 20 30 2E 31 33 35 0D 0A  346.0   0.135..
000356 01:44:34.890  20 33 34 35 2E 30 20 20 20 30 2E 31 33 35 0D 0A  345.0   0.135..
000357 01:44:34.906  20 33 34 34 2E 30 20 20 20 30 2E 31 33 36 0D 0A  344.0   0.136..
000358 01:44:34.921  20 33 34 33 2E 30 20 20 20 30 2E 31 33 37 0D 0A  343.0   0.137..
000359 01:44:34.937  20 33 34 32 2E 30 20 20 20 30 2E 31 33 38 0D 0A  342.0   0.138..
000360 01:44:34.953  20 33 34 31 2E 30 20 20 20 30 2E 31 33 39 0D 0A  341.0   0.139..
000361 01:44:34.968  20 33 34 30 2E 30 20 20 20 30 2E 31 34 34 0D 0A  340.0   0.144..
000362 01:44:34.984  20 33 33 39 2E 30 20 20 20 30 2E 31 34 35 0D 0A  339.0   0.145..
000363 01:44:35.031  20 33 33 38 2E 30 20 20 20 30 2E 31 34 36 0D 0A  338.0   0.146..
000364 01:44:35.031  20 33 33 37 2E 30 20 20 20 30 2E 31 34 37 0D 0A  337.0   0.147..
000365 01:44:35.046  20 33 33 36 2E 30 20 20 20 30 2E 31 34 38 0D 0A  336.0   0.148..
000366 01:44:35.062  20 33 33 35 2E 30 20 20 20 30 2E 31 35 30 0D 0A  335.0   0.150..
000367 01:44:35.078  20 33 33 34 2E 30 20 20 20 30 2E 31 35 31 0D 0A  334.0   0.151..
000368 01:44:35.093  20 33 33 33 2E 30 20 20 20 30 2E 31 35 32 0D 0A  333.0   0.152..
000369 01:44:35.109  20 33 33 32 2E 30 20 20 20 30 2E 31 35 33 0D 0A  332.0   0.153..
000370 01:44:35.125  20 33 33 31 2E 30 20 20 20 30 2E 31 35 34 0D 0A  331.0   0.154..
000371 01:44:35.140  20 33 33 30 2E 30 20 20 20 30 2E 31 35 35 0D 0A  330.0   0.155..
000372 01:44:35.171  20 33 32 39 2E 30 20 20 20 30 2E 31 35 38 0D 0A  329.0   0.158..
000373 01:44:35.187  20 33 32 38 2E 30 20 20 20 30 2E 31 35 39 0D 0A  328.0   0.159..
000374 01:44:35.187  20 33 32 37 2E 30 20 20 20 30 2E 31 35 39 0D 0A  327.0   0.159..
000375 01:44:35.203  20 33 32 36 2E 30 20 20 20 30 2E 31 36 32 0D 0A  326.0   0.162..
000376 01:44:35.218  20 33 32 35 2E 30 20 20 20 30 2E 31 36 33 0D 0A  325.0   0.163..
000377 01:44:35.234  20 33 32 34 2E 30 20 20 20 30 2E 31 36 35 0D 0A  324.0   0.165..
000378 01:44:35.250  20 33 32 33 2E 30 20 20 20 30 2E 31 36 36 0D 0A  323.0   0.166..
000379 01:44:35.281  20 33 32 32 2E 30 20 20 20 30 2E 31 36 38 0D 0A  322.0   0.168..
000380 01:44:35.296  20 33 32 31 2E 30 20 20 20 30 2E 31 36 39 0D 0A  321.0   0.169..
000381 01:44:35.312  20 33 32 30 2E 30 20 20 20 30 2E 31 37 31 0D 0A  320.0   0.171..
000382 01:44:35.328  20 33 31 39 2E 30 20 20 20 30 2E 31 37 33 0D 0A  319.0   0.173..
000383 01:44:35.343  20 33 31 38 2E 30 20 20 20 30 2E 31 37 35 0D 0A  318.0   0.175..
000384 01:44:35.359  20 33 31 37 2E 30 20 20 20 30 2E 31 37 38 0D 0A  317.0   0.178..
000385 01:44:35.375  20 33 31 36 2E 30 20 20 20 30 2E 31 38 30 0D 0A  316.0   0.180..
000386 01:44:35.406  20 33 31 35 2E 30 20 20 20 30 2E 31 38 33 0D 0A  315.0   0.183..
000387 01:44:35.421  20 33 31 34 2E 30 20 20 20 30 2E 31 38 36 0D 0A  314.0   0.186..
000388 01:44:35.437  20 33 31 33 2E 30 20 20 20 30 2E 31 39 30 0D 0A  313.0   0.190..
000389 01:44:35.453  20 33 31 32 2E 30 20 20 20 30 2E 31 39 33 0D 0A  312.0   0.193..
000390 01:44:35.453  20 33 31 31 2E 30 20 20 20 30 2E 31 39 39 0D 0A  311.0   0.199..
000391 01:44:35.468  20 33 31 30 2E 30 20 20 20 30 2E 32 30 35 0D 0A  310.0   0.205..
000392 01:44:35.484  20 33 30 39 2E 30 20 20 20 30 2E 32 31 33 0D 0A  309.0   0.213..
000393 01:44:35.515  20 33 30 38 2E 30 20 20 20 30 2E 32 32 32 0D 0A  308.0   0.222..
000394 01:44:35.531  20 33 30 37 2E 30 20 20 20 30 2E 32 33 35 0D 0A  307.0   0.235..
000395 01:44:35.578  20 33 30 36 2E 30 20 20 20 30 2E 32 35 39 0D 0A  306.0   0.259..
000396 01:44:35.578  20 33 30 35 2E 30 20 20 20 30 2E 32 37 32 0D 0A  305.0   0.272..
000397 01:44:35.578  20 33 30 34 2E 30 20 20 20 30 2E 32 39 35 0D 0A  304.0   0.295..
000398 01:44:35.593  20 33 30 33 2E 30 20 20 20 30 2E 33 32 33 0D 0A  303.0   0.323..
000399 01:44:35.609  20 33 30 32 2E 30 20 20 20 30 2E 33 35 39 0D 0A  302.0   0.359..
000400 01:44:35.640  20 33 30 31 2E 30 20 20 20 30 2E 33 39 39 0D 0A  301.0   0.399..
000401 01:44:35.656  20 33 30 30 2E 30 20 20 20 30 2E 34 34 36 0D 0A  300.0   0.446..
000402 01:44:35.671  20 32 39 39 2E 30 20 20 20 30 2E 35 30 34 0D 0A  299.0   0.504..
000403 01:44:35.687  20 32 39 38 2E 30 20 20 20 30 2E 35 37 32 0D 0A  298.0   0.572..
000404 01:44:35.703  20 32 39 37 2E 30 20 20 20 30 2E 36 34 34 0D 0A  297.0   0.644..
000405 01:44:35.718  20 32 39 36 2E 30 20 20 20 30 2E 37 33 30 0D 0A  296.0   0.730..
000406 01:44:35.718  20 32 39 35 2E 30 20 20 20 30 2E 38 33 36 0D 0A  295.0   0.836..
000407 01:44:35.750  20 32 39 34 2E 30 20 20 20 30 2E 39 36 32 0D 0A  294.0   0.962..
000408 01:44:35.781  20 32 39 33 2E 30 20 20 20 31 2E 30 39 31 0D 0A  293.0   1.091..
000409 01:44:35.781  20 32 39 32 2E 30 20 20 20 31 2E 32 33 33 0D 0A  292.0   1.233..
000410 01:44:35.796  20 32 39 31 2E 30 20 20 20 31 2E 33 38 31 0D 0A  291.0   1.381..
000411 01:44:35.812  20 32 39 30 2E 30 20 20 20 31 2E 35 33 33 0D 0A  290.0   1.533..
000412 01:44:35.828  20 32 38 39 2E 30 20 20 20 31 2E 36 36 37 0D 0A  289.0   1.667..
000413 01:44:35.843  20 32 38 38 2E 30 20 20 20 31 2E 38 30 33 0D 0A  288.0   1.803..
000414 01:44:35.875  20 32 38 37 2E 30 20 20 20 31 2E 39 33 39 0D 0A  287.0   1.939..
000415 01:44:35.890  20 32 38 36 2E 30 20 20 20 32 2E 30 38 36 0D 0A  286.0   2.086..
000416 01:44:35.906  20 32 38 35 2E 30 20 20 20 32 2E 32 32 32 0D 0A  285.0   2.222..
000417 01:44:35.921  20 32 38 34 2E 30 20 20 20 32 2E 33 33 39 0D 0A  284.0   2.339..
000418 01:44:35.937  20 32 38 33 2E 30 20 20 20 32 2E 34 35 38 0D 0A  283.0   2.458..
000419 01:44:35.953  20 32 38 32 2E 30 20 20 20 32 2E 35 34 35 0D 0A  282.0   2.545..
000420 01:44:35.968  20 32 38 31 2E 30 20 20 20 32 2E 35 39 37 0D 0A  281.0   2.597..
000421 01:44:36.000  20 32 38 30 2E 30 20 20 20 32 2E 36 32 38 0D 0A  280.0   2.628..
000422 01:44:36.000  20 32 37 39 2E 30 20 20 20 32 2E 36 36 30 0D 0A  279.0   2.660..
000423 01:44:36.015  20 32 37 38 2E 30 20 20 20 32 2E 36 36 35 0D 0A  278.0   2.665..
000424 01:44:36.031  20 32 37 37 2E 30 20 20 20 32 2E 36 36 39 0D 0A  277.0   2.669..
000425 01:44:36.046  20 32 37 36 2E 30 20 20 20 32 2E 36 34 36 0D 0A  276.0   2.646..
000426 01:44:36.062  20 32 37 35 2E 30 20 20 20 32 2E 36 35 33 0D 0A  275.0   2.653..
000427 01:44:36.078  20 32 37 34 2E 30 20 20 20 32 2E 36 33 33 0D 0A  274.0   2.633..
000428 01:44:36.109  20 32 37 33 2E 30 20 20 20 32 2E 35 39 32 0D 0A  273.0   2.592..
000429 01:44:36.125  20 32 37 32 2E 30 20 20 20 32 2E 35 33 37 0D 0A  272.0   2.537..
000430 01:44:36.140  20 32 37 31 2E 30 20 20 20 32 2E 34 37 33 0D 0A  271.0   2.473..
000431 01:44:36.156  20 32 37 30 2E 30 20 20 20 32 2E 34 32 30 0D 0A  270.0   2.420..
000432 01:44:36.171  20 32 36 39 2E 30 20 20 20 32 2E 33 36 33 0D 0A  269.0   2.363..
000433 01:44:36.187  20 32 36 38 2E 30 20 20 20 32 2E 32 39 36 0D 0A  268.0   2.296..
000434 01:44:36.203  20 32 36 37 2E 30 20 20 20 32 2E 32 32 34 0D 0A  267.0   2.224..
000435 01:44:36.250  20 32 36 36 2E 30 20 20 20 32 2E 31 35 38 0D 0A  266.0   2.158..
000436 01:44:36.250  20 32 36 35 2E 30 20 20 20 32 2E 30 37 35 0D 0A  265.0   2.075..
000437 01:44:36.250  20 32 36 34 2E 30 20 20 20 32 2E 30 30 34 0D 0A  264.0   2.004..
000438 01:44:36.265  20 32 36 33 2E 30 20 20 20 31 2E 39 33 32 0D 0A  263.0   1.932..
000439 01:44:36.281  20 32 36 32 2E 30 20 20 20 31 2E 38 36 36 0D 0A  262.0   1.866..
000440 01:44:36.296  20 32 36 31 2E 30 20 20 20 31 2E 38 30 36 0D 0A  261.0   1.806..
000441 01:44:36.312  20 32 36 30 2E 30 20 20 20 31 2E 37 35 30 0D 0A  260.0   1.750..
000442 01:44:36.343  20 32 35 39 2E 30 20 20 20 31 2E 36 39 31 0D 0A  259.0   1.691..
000443 01:44:36.359  20 32 35 38 2E 30 20 20 20 31 2E 36 33 39 0D 0A  258.0   1.639..
000444 01:44:36.375  20 32 35 37 2E 30 20 20 20 31 2E 35 39 31 0D 0A  257.0   1.591..
000445 01:44:36.390  20 32 35 36 2E 30 20 20 20 31 2E 35 35 31 0D 0A  256.0   1.551..
000446 01:44:36.406  20 32 35 35 2E 30 20 20 20 31 2E 35 31 36 0D 0A  255.0   1.516..
000447 01:44:36.421  20 32 35 34 2E 30 20 20 20 31 2E 34 39 30 0D 0A  254.0   1.490..
000448 01:44:36.437  20 32 35 33 2E 30 20 20 20 31 2E 34 38 33 0D 0A  253.0   1.483..
000449 01:44:36.468  20 32 35 32 2E 30 20 20 20 31 2E 34 37 37 0D 0A  252.0   1.477..
000450 01:44:36.484  20 32 35 31 2E 30 20 20 20 31 2E 34 38 39 0D 0A  251.0   1.489..
000451 01:44:36.500  20 32 35 30 2E 30 20 20 20 31 2E 35 30 37 0D 0A  250.0   1.507..
000452 01:44:36.500  20 32 34 39 2E 30 20 20 20 31 2E 35 33 39 0D 0A  249.0   1.539..
000453 01:44:36.515  20 32 34 38 2E 30 20 20 20 31 2E 35 38 35 0D 0A  248.0   1.585..
000454 01:44:36.531  20 32 34 37 2E 30 20 20 20 31 2E 36 35 36 0D 0A  247.0   1.656..
000455 01:44:36.562  20 32 34 36 2E 30 20 20 20 31 2E 37 35 31 0D 0A  246.0   1.751..
000456 01:44:36.578  20 32 34 35 2E 30 20 20 20 31 2E 38 35 37 0D 0A  245.0   1.857..
000457 01:44:36.593  20 32 34 34 2E 30 20 20 20 31 2E 39 39 30 0D 0A  244.0   1.990..
000458 01:44:36.609  20 32 34 33 2E 30 20 20 20 32 2E 31 37 34 0D 0A  243.0   2.174..
000459 01:44:36.625  20 32 34 32 2E 30 20 20 20 32 2E 33 39 33 0D 0A  242.0   2.393..
000460 01:44:36.640  20 32 34 31 2E 30 20 20 20 32 2E 36 34 39 0D 0A  241.0   2.649..
000461 01:44:36.656  20 32 34 30 2E 30 20 20 20 32 2E 39 31 30 0D 0A  240.0   2.910..
000462 01:44:36.671  20 32 33 39 2E 30 20 20 20 33 2E 31 33 37 0D 0A  239.0   3.137..
000463 01:44:36.703  20 32 33 38 2E 30 20 20 20 33 2E 36 31 37 0D 0A  238.0   3.617..
000464 01:44:36.718  20 32 33 37 2E 30 20 20 20 33 2E 36 31 38 0D 0A  237.0   3.618..
000465 01:44:36.734  20 32 33 36 2E 30 20 20 20 34 2E 30 30 30 0D 0A  236.0   4.000..
000466 01:44:36.750  20 32 33 35 2E 30 20 20 20 33 2E 36 31 35 0D 0A  235.0   3.615..
000467 01:44:36.765  20 32 33 34 2E 30 20 20 20 33 2E 36 31 31 0D 0A  234.0   3.611..
000468 01:44:36.812  20 32 33 33 2E 30 20 20 20 33 2E 36 30 36 0D 0A  233.0   3.606..
000469 01:44:36.812  20 32 33 32 2E 30 20 20 20 34 2E 30 30 30 0D 0A  232.0   4.000..
000470 01:44:36.812  20 32 33 31 2E 30 20 20 20 33 2E 35 39 31 0D 0A  231.0   3.591..
000471 01:44:36.828  20 32 33 30 2E 30 20 20 20 33 2E 35 38 32 0D 0A  230.0   3.582..
000472 01:44:36.843  20 32 32 39 2E 30 20 20 20 34 2E 30 30 30 0D 0A  229.0   4.000..
000473 01:44:36.859  20 32 32 38 2E 30 20 20 20 34 2E 30 30 30 0D 0A  228.0   4.000..
000474 01:44:36.875  20 32 32 37 2E 30 20 20 20 33 2E 35 35 35 0D 0A  227.0   3.555..
000475 01:44:36.890  20 32 32 36 2E 30 20 20 20 34 2E 30 30 30 0D 0A  226.0   4.000..
000476 01:44:36.906  20 32 32 35 2E 30 20 20 20 34 2E 30 30 30 0D 0A  225.0   4.000..
000477 01:44:36.937  20 32 32 34 2E 30 20 20 20 34 2E 30 30 30 0D 0A  224.0   4.000..
000478 01:44:36.953  20 32 32 33 2E 30 20 20 20 33 2E 35 31 39 0D 0A  223.0   3.519..
000479 01:44:36.968  20 32 32 32 2E 30 20 20 20 33 2E 35 30 38 0D 0A  222.0   3.508..
000480 01:44:36.984  20 32 32 31 2E 30 20 20 20 34 2E 30 30 30 0D 0A  221.0   4.000..
000481 01:44:37.000  20 32 32 30 2E 30 20 20 20 34 2E 30 30 30 0D 0A  220.0   4.000..
000482 01:44:37.015  20 32 31 39 2E 30 20 20 20 34 2E 30 30 30 0D 0A  219.0   4.000..
000483 01:44:37.031  20 32 31 38 2E 30 20 20 20 33 2E 34 36 36 0D 0A  218.0   3.466..
000484 01:44:37.046  20 32 31 37 2E 30 20 20 20 33 2E 34 35 33 0D 0A  217.0   3.453..
000485 01:44:37.062  20 32 31 36 2E 30 20 20 20 34 2E 30 30 30 0D 0A  216.0   4.000..
000486 01:44:37.078  20 32 31 35 2E 30 20 20 20 34 2E 30 30 30 0D 0A  215.0   4.000..
000487 01:44:37.093  20 32 31 34 2E 30 20 20 20 33 2E 34 30 38 0D 0A  214.0   3.408..
000488 01:44:37.109  20 32 31 33 2E 30 20 20 20 33 2E 36 39 33 0D 0A  213.0   3.693..
000489 01:44:37.125  20 32 31 32 2E 30 20 20 20 33 2E 36 37 35 0D 0A  212.0   3.675..
000490 01:44:37.140  20 32 31 31 2E 30 20 20 20 33 2E 36 35 34 0D 0A  211.0   3.654..
000491 01:44:37.171  20 32 31 30 2E 30 20 20 20 33 2E 36 33 30 0D 0A  210.0   3.630..
000492 01:44:37.187  20 32 30 39 2E 30 20 20 20 33 2E 39 30 33 0D 0A  209.0   3.903..
000493 01:44:37.203  20 32 30 38 2E 30 20 20 20 33 2E 35 37 35 0D 0A  208.0   3.575..
000494 01:44:37.218  20 32 30 37 2E 30 20 20 20 33 2E 35 34 34 0D 0A  207.0   3.544..
000495 01:44:37.234  20 32 30 36 2E 30 20 20 20 33 2E 38 31 30 0D 0A  206.0   3.810..
000496 01:44:37.250  20 32 30 35 2E 30 20 20 20 33 2E 34 37 31 0D 0A  205.0   3.471..
000497 01:44:37.265  20 32 30 34 2E 30 20 20 20 33 2E 34 33 32 0D 0A  204.0   3.432..
000498 01:44:37.281  20 32 30 33 2E 30 20 20 20 33 2E 36 39 30 0D 0A  203.0   3.690..
000499 01:44:37.296  20 32 30 32 2E 30 20 20 20 33 2E 33 34 31 0D 0A  202.0   3.341..
000500 01:44:37.312  20 32 30 31 2E 30 20 20 20 33 2E 32 38 39 0D 0A  201.0   3.289..
000501 01:44:37.375  20 32 30 30 2E 30 20 20 20 33 2E 35 34 30 0D 0A  200.0   3.540..
000502 01:44:37.375  20 31 39 39 2E 30 20 20 20 33 2E 31 38 34 0D 0A  199.0   3.184..
000503 01:44:37.375  20 31 39 38 2E 30 20 20 20 33 2E 31 32 37 0D 0A  198.0   3.127..
000504 01:44:37.375  20 31 39 37 2E 30 20 20 20 33 2E 32 36 39 0D 0A  197.0   3.269..
000505 01:44:37.406  20 31 39 36 2E 30 20 20 20 33 2E 32 31 34 0D 0A  196.0   3.214..
000506 01:44:37.421  20 31 39 35 2E 30 20 20 20 33 2E 32 34 39 0D 0A  195.0   3.249..
000507 01:44:37.437  20 31 39 34 2E 30 20 20 20 33 2E 30 38 31 0D 0A  194.0   3.081..
000508 01:44:37.453  20 31 39 33 2E 30 20 20 20 32 2E 39 33 30 0D 0A  193.0   2.930..
000509 01:44:37.468  20 31 39 32 2E 30 20 20 20 32 2E 39 32 36 0D 0A  192.0   2.926..
000510 01:44:37.484  20 31 39 31 2E 30 20 20 20 32 2E 38 32 37 0D 0A  191.0   2.827..
000511 01:44:37.500  20 31 39 30 2E 30 20 20 20 32 2E 37 30 39 0D 0A  190.0   2.709..
000512 01:44:37.515  1A                                              .
