000001 01:07:58.546  20 37 30 30 2E 30 20 20 20 30 2E 30 33 36 0D 0A  700.0   0.036..
000002 01:07:58.546  20 36 39 39 2E 30 20 20 20 30 2E 30 33 36 0D 0A  699.0   0.036..
000003 01:07:58.562  20 36 39 38 2E 30 20 20 20 30 2E 30 33 36 0D 0A  698.0   0.036..
000004 01:07:58.578  20 36 39 37 2E 30 20 20 20 30 2E 30 33 36 0D 0A  697.0   0.036..
000005 01:07:58.593  20 36 39 36 2E 30 20 20 20 30 2E 30 33 36 0D 0A  696.0   0.036..
000006 01:07:58.609  20 36 39 35 2E 30 20 20 20 30 2E 30 33 36 0D 0A  695.0   0.036..
000007 01:07:58.625  20 36 39 34 2E 30 20 20 20 30 2E 30 33 37 0D 0A  694.0   0.037..
000008 01:07:58.656  20 36 39 33 2E 30 20 20 20 30 2E 30 33 36 0D 0A  693.0   0.036..
000009 01:07:58.671  20 36 39 32 2E 30 20 20 20 30 2E 30 33 37 0D 0A  692.0   0.037..
000010 01:07:58.687  20 36 39 31 2E 30 20 20 20 30 2E 30 33 37 0D 0A  691.0   0.037..
000011 01:07:58.703  20 36 39 30 2E 30 20 20 20 30 2E 30 33 37 0D 0A  690.0   0.037..
000012 01:07:58.718  20 36 38 39 2E 30 20 20 20 30 2E 30 33 37 0D 0A  689.0   0.037..
000013 01:07:58.734  20 36 38 38 2E 30 20 20 20 30 2E 30 33 37 0D 0A  688.0   0.037..
000014 01:07:58.750  20 36 38 37 2E 30 20 20 20 30 2E 30 33 37 0D 0A  687.0   0.037..
000015 01:07:58.781  20 36 38 36 2E 30 20 20 20 30 2E 30 33 38 0D 0A  686.0   0.038..
000016 01:07:58.796  20 36 38 35 2E 30 20 20 20 30 2E 30 33 37 0D 0A  685.0   0.037..
000017 01:07:58.812  20 36 38 34 2E 30 20 20 20 30 2E 30 33 38 0D 0A  684.0   0.038..
000018 01:07:58.812  20 36 38 33 2E 30 20 20 20 30 2E 30 33 38 0D 0A  683.0   0.038..
000019 01:07:58.828  20 36 38 32 2E 30 20 20 20 30 2E 30 33 38 0D 0A  682.0   0.038..
000020 01:07:58.843  20 36 38 31 2E 30 20 20 20 30 2E 30 33 38 0D 0A  681.0   0.038..
000021 01:07:58.859  20 36 38 30 2E 30 20 20 20 30 2E 30 33 38 0D 0A  680.0   0.038..
000022 01:07:58.890  20 36 37 39 2E 30 20 20 20 30 2E 30 33 38 0D 0A  679.0   0.038..
000023 01:07:58.906  20 36 37 38 2E 30 20 20 20 30 2E 30 33 38 0D 0A  678.0   0.038..
000024 01:07:58.921  20 36 37 37 2E 30 20 20 20 30 2E 30 33 38 0D 0A  677.0   0.038..
000025 01:07:58.937  20 36 37 36 2E 30 20 20 20 30 2E 30 33 38 0D 0A  676.0   0.038..
000026 01:07:58.953  20 36 37 35 2E 30 20 20 20 30 2E 30 33 38 0D 0A  675.0   0.038..
000027 01:07:58.968  20 36 37 34 2E 30 20 20 20 30 2E 30 33 38 0D 0A  674.0   0.038..
000028 01:07:58.984  20 36 37 33 2E 30 20 20 20 30 2E 30 33 39 0D 0A  673.0   0.039..
000029 01:07:59.015  20 36 37 32 2E 30 20 20 20 30 2E 30 33 39 0D 0A  672.0   0.039..
000030 01:07:59.031  20 36 37 31 2E 30 20 20 20 30 2E 30 33 39 0D 0A  671.0   0.039..
000031 01:07:59.046  20 36 37 30 2E 30 20 20 20 30 2E 30 33 39 0D 0A  670.0   0.039..
000032 01:07:59.062  20 36 36 39 2E 30 20 20 20 30 2E 30 33 39 0D 0A  669.0   0.039..
000033 01:07:59.062  20 36 36 38 2E 30 20 20 20 30 2E 30 33 39 0D 0A  668.0   0.039..
000034 01:07:59.078  20 36 36 37 2E 30 20 20 20 30 2E 30 34 30 0D 0A  667.0   0.040..
000035 01:07:59.093  20 36 36 36 2E 30 20 20 20 30 2E 30 34 30 0D 0A  666.0   0.040..
000036 01:07:59.125  20 36 36 35 2E 30 20 20 20 30 2E 30 34 30 0D 0A  665.0   0.040..
000037 01:07:59.140  20 36 36 34 2E 30 20 20 20 30 2E 30 34 30 0D 0A  664.0   0.040..
000038 01:07:59.156  20 36 36 33 2E 30 20 20 20 30 2E 30 34 30 0D 0A  663.0   0.040..
000039 01:07:59.171  20 36 36 32 2E 30 20 20 20 30 2E 30 34 31 0D 0A  662.0   0.041..
000040 01:07:59.187  20 36 36 31 2E 30 20 20 20 30 2E 30 34 31 0D 0A  661.0   0.041..
000041 01:07:59.203  20 36 36 30 2E 30 20 20 20 30 2E 30 34 31 0D 0A  660.0   0.041..
000042 01:07:59.218  20 36 35 39 2E 30 20 20 20 30 2E 30 34 31 0D 0A  659.0   0.041..
000043 01:07:59.250  20 36 35 38 2E 30 20 20 20 30 2E 30 34 31 0D 0A  658.0   0.041..
000044 01:07:59.265  20 36 35 37 2E 30 20 20 20 30 2E 30 34 31 0D 0A  657.0   0.041..
000045 01:07:59.281  20 36 35 36 2E 30 20 20 20 30 2E 30 34 31 0D 0A  656.0   0.041..
000046 01:07:59.296  20 36 35 35 2E 30 20 20 20 30 2E 30 34 32 0D 0A  655.0   0.042..
000047 01:07:59.312  20 36 35 34 2E 30 20 20 20 30 2E 30 34 32 0D 0A  654.0   0.042..
000048 01:07:59.328  20 36 35 33 2E 30 20 20 20 30 2E 30 34 32 0D 0A  653.0   0.042..
000049 01:07:59.328  20 36 35 32 2E 30 20 20 20 30 2E 30 34 32 0D 0A  652.0   0.042..
000050 01:07:59.359  20 36 35 31 2E 30 20 20 20 30 2E 30 34 33 0D 0A  651.0   0.043..
000051 01:07:59.375  20 36 35 30 2E 30 20 20 20 30 2E 30 34 33 0D 0A  650.0   0.043..
000052 01:07:59.421  20 36 34 39 2E 30 20 20 20 30 2E 30 34 33 0D 0A  649.0   0.043..
000053 01:07:59.421  20 36 34 38 2E 30 20 20 20 30 2E 30 34 33 0D 0A  648.0   0.043..
000054 01:07:59.421  20 36 34 37 2E 30 20 20 20 30 2E 30 34 34 0D 0A  647.0   0.044..
000055 01:07:59.437  20 36 34 36 2E 30 20 20 20 30 2E 30 34 34 0D 0A  646.0   0.044..
000056 01:07:59.453  20 36 34 35 2E 30 20 20 20 30 2E 30 34 33 0D 0A  645.0   0.043..
000057 01:07:59.484  20 36 34 34 2E 30 20 20 20 30 2E 30 34 34 0D 0A  644.0   0.044..
000058 01:07:59.500  20 36 34 33 2E 30 20 20 20 30 2E 30 34 34 0D 0A  643.0   0.044..
000059 01:07:59.515  20 36 34 32 2E 30 20 20 20 30 2E 30 34 34 0D 0A  642.0   0.044..
000060 01:07:59.531  20 36 34 31 2E 30 20 20 20 30 2E 30 34 34 0D 0A  641.0   0.044..
000061 01:07:59.546  20 36 34 30 2E 30 20 20 20 30 2E 30 34 34 0D 0A  640.0   0.044..
000062 01:07:59.562  20 36 33 39 2E 30 20 20 20 30 2E 30 34 34 0D 0A  639.0   0.044..
000063 01:07:59.578  20 36 33 38 2E 30 20 20 20 30 2E 30 34 34 0D 0A  638.0   0.044..
000064 01:07:59.593  20 36 33 37 2E 30 20 20 20 30 2E 30 34 35 0D 0A  637.0   0.045..
000065 01:07:59.609  20 36 33 36 2E 30 20 20 20 30 2E 30 34 36 0D 0A  636.0   0.046..
000066 01:07:59.625  20 36 33 35 2E 30 20 20 20 30 2E 30 34 37 0D 0A  635.0   0.047..
000067 01:07:59.640  20 36 33 34 2E 30 20 20 20 30 2E 30 34 37 0D 0A  634.0   0.047..
000068 01:07:59.656  20 36 33 33 2E 30 20 20 20 30 2E 30 34 37 0D 0A  633.0   0.047..
000069 01:07:59.671  20 36 33 32 2E 30 20 20 20 30 2E 30 34 38 0D 0A  632.0   0.048..
000070 01:07:59.687  20 36 33 31 2E 30 20 20 20 30 2E 30 34 38 0D 0A  631.0   0.048..
000071 01:07:59.718  20 36 33 30 2E 30 20 20 20 30 2E 30 34 38 0D 0A  630.0   0.048..
000072 01:07:59.734  20 36 32 39 2E 30 20 20 20 30 2E 30 34 38 0D 0A  629.0   0.048..
000073 01:07:59.750  20 36 32 38 2E 30 20 20 20 30 2E 30 34 38 0D 0A  628.0   0.048..
000074 01:07:59.765  20 36 32 37 2E 30 20 20 20 30 2E 30 34 38 0D 0A  627.0   0.048..
000075 01:07:59.781  20 36 32 36 2E 30 20 20 20 30 2E 30 34 38 0D 0A  626.0   0.048..
000076 01:07:59.796  20 36 32 35 2E 30 20 20 20 30 2E 30 34 38 0D 0A  625.0   0.048..
000077 01:07:59.843  20 36 32 34 2E 30 20 20 20 30 2E 30 34 38 0D 0A  624.0   0.048..
000078 01:07:59.843  20 36 32 33 2E 30 20 20 20 30 2E 30 34 38 0D 0A  623.0   0.048..
000079 01:07:59.859  20 36 32 32 2E 30 20 20 20 30 2E 30 34 38 0D 0A  622.0   0.048..
000080 01:07:59.859  20 36 32 31 2E 30 20 20 20 30 2E 30 34 39 0D 0A  621.0   0.049..
000081 01:07:59.875  20 36 32 30 2E 30 20 20 20 30 2E 30 34 39 0D 0A  620.0   0.049..
000082 01:07:59.890  20 36 31 39 2E 30 20 20 20 30 2E 30 34 39 0D 0A  619.0   0.049..
000083 01:07:59.906  20 36 31 38 2E 30 20 20 20 30 2E 30 34 39 0D 0A  618.0   0.049..
000084 01:07:59.921  20 36 31 37 2E 30 20 20 20 30 2E 30 34 39 0D 0A  617.0   0.049..
000085 01:07:59.953  20 36 31 36 2E 30 20 20 20 30 2E 30 34 39 0D 0A  616.0   0.049..
000086 01:07:59.968  20 36 31 35 2E 30 20 20 20 30 2E 30 34 39 0D 0A  615.0   0.049..
000087 01:07:59.984  20 36 31 34 2E 30 20 20 20 30 2E 30 34 39 0D 0A  614.0   0.049..
000088 01:08:00.000  20 36 31 33 2E 30 20 20 20 30 2E 30 34 39 0D 0A  613.0   0.049..
000089 01:08:00.015  20 36 31 32 2E 30 20 20 20 30 2E 30 34 39 0D 0A  612.0   0.049..
000090 01:08:00.031  20 36 31 31 2E 30 20 20 20 30 2E 30 34 39 0D 0A  611.0   0.049..
000091 01:08:00.046  20 36 31 30 2E 30 20 20 20 30 2E 30 35 30 0D 0A  610.0   0.050..
000092 01:08:00.078  20 36 30 39 2E 30 20 20 20 30 2E 30 35 30 0D 0A  609.0   0.050..
000093 01:08:00.093  20 36 30 38 2E 30 20 20 20 30 2E 30 35 30 0D 0A  608.0   0.050..
000094 01:08:00.109  20 36 30 37 2E 30 20 20 20 30 2E 30 35 30 0D 0A  607.0   0.050..
000095 01:08:00.125  20 36 30 36 2E 30 20 20 20 30 2E 30 35 30 0D 0A  606.0   0.050..
000096 01:08:00.140  20 36 30 35 2E 30 20 20 20 30 2E 30 35 30 0D 0A  605.0   0.050..
000097 01:08:00.140  20 36 30 34 2E 30 20 20 20 30 2E 30 35 30 0D 0A  604.0   0.050..
000098 01:08:00.156  20 36 30 33 2E 30 20 20 20 30 2E 30 35 30 0D 0A  603.0   0.050..
000099 01:08:00.187  20 36 30 32 2E 30 20 20 20 30 2E 30 35 30 0D 0A  602.0   0.050..
000100 01:08:00.203  20 36 30 31 2E 30 20 20 20 30 2E 30 35 31 0D 0A  601.0   0.051..
000101 01:08:00.218  20 36 30 30 2E 30 20 20 20 30 2E 30 35 31 0D 0A  600.0   0.051..
000102 01:08:00.234  20 35 39 39 2E 30 20 20 20 30 2E 30 35 31 0D 0A  599.0   0.051..
000103 01:08:00.250  20 35 39 38 2E 30 20 20 20 30 2E 30 35 31 0D 0A  598.0   0.051..
000104 01:08:00.265  20 35 39 37 2E 30 20 20 20 30 2E 30 35 31 0D 0A  597.0   0.051..
000105 01:08:00.281  20 35 39 36 2E 30 20 20 20 30 2E 30 35 31 0D 0A  596.0   0.051..
000106 01:08:00.312  20 35 39 35 2E 30 20 20 20 30 2E 30 35 31 0D 0A  595.0   0.051..
000107 01:08:00.328  20 35 39 34 2E 30 20 20 20 30 2E 30 35 32 0D 0A  594.0   0.052..
000108 01:08:00.343  20 35 39 33 2E 30 20 20 20 30 2E 30 35 32 0D 0A  593.0   0.052..
000109 01:08:00.359  20 35 39 32 2E 30 20 20 20 30 2E 30 35 32 0D 0A  592.0   0.052..
000110 01:08:00.375  20 35 39 31 2E 30 20 20 20 30 2E 30 35 32 0D 0A  591.0   0.052..
000111 01:08:00.375  20 35 39 30 2E 30 20 20 20 30 2E 30 35 32 0D 0A  590.0   0.052..
000112 01:08:00.390  20 35 38 39 2E 30 20 20 20 30 2E 30 35 33 0D 0A  589.0   0.053..
000113 01:08:00.421  20 35 38 38 2E 30 20 20 20 30 2E 30 35 33 0D 0A  588.0   0.053..
000114 01:08:00.437  20 35 38 37 2E 30 20 20 20 30 2E 30 35 33 0D 0A  587.0   0.053..
000115 01:08:00.468  20 35 38 36 2E 30 20 20 20 30 2E 30 35 33 0D 0A  586.0   0.053..
000116 01:08:00.468  20 35 38 35 2E 30 20 20 20 30 2E 30 35 33 0D 0A  585.0   0.053..
000117 01:08:00.500  20 35 38 34 2E 30 20 20 20 30 2E 30 35 33 0D 0A  584.0   0.053..
000118 01:08:00.500  20 35 38 33 2E 30 20 20 20 30 2E 30 35 33 0D 0A  583.0   0.053..
000119 01:08:00.515  20 35 38 32 2E 30 20 20 20 30 2E 30 35 34 0D 0A  582.0   0.054..
000120 01:08:00.546  20 35 38 31 2E 30 20 20 20 30 2E 30 35 34 0D 0A  581.0   0.054..
000121 01:08:00.562  20 35 38 30 2E 30 20 20 20 30 2E 30 35 34 0D 0A  580.0   0.054..
000122 01:08:00.578  20 35 37 39 2E 30 20 20 20 30 2E 30 35 34 0D 0A  579.0   0.054..
000123 01:08:00.593  20 35 37 38 2E 30 20 20 20 30 2E 30 35 35 0D 0A  578.0   0.055..
000124 01:08:00.609  20 35 37 37 2E 30 20 20 20 30 2E 30 35 35 0D 0A  577.0   0.055..
000125 01:08:00.625  20 35 37 36 2E 30 20 20 20 30 2E 30 35 35 0D 0A  576.0   0.055..
000126 01:08:00.640  20 35 37 35 2E 30 20 20 20 30 2E 30 35 35 0D 0A  575.0   0.055..
000127 01:08:00.656  20 35 37 34 2E 30 20 20 20 30 2E 30 35 35 0D 0A  574.0   0.055..
000128 01:08:00.671  20 35 37 33 2E 30 20 20 20 30 2E 30 35 35 0D 0A  573.0   0.055..
000129 01:08:00.687  20 35 37 32 2E 30 20 20 20 30 2E 30 35 36 0D 0A  572.0   0.056..
000130 01:08:00.703  20 35 37 31 2E 30 20 20 20 30 2E 30 35 36 0D 0A  571.0   0.056..
000131 01:08:00.718  20 35 37 30 2E 30 20 20 20 30 2E 30 35 36 0D 0A  570.0   0.056..
000132 01:08:00.734  20 35 36 39 2E 30 20 20 20 30 2E 30 35 36 0D 0A  569.0   0.056..
000133 01:08:00.750  20 35 36 38 2E 30 20 20 20 30 2E 30 35 36 0D 0A  568.0   0.056..
000134 01:08:00.781  20 35 36 37 2E 30 20 20 20 30 2E 30 35 36 0D 0A  567.0   0.056..
000135 01:08:00.796  20 35 36 36 2E 30 20 20 20 30 2E 30 35 36 0D 0A  566.0   0.056..
000136 01:08:00.812  20 35 36 35 2E 30 20 20 20 30 2E 30 35 37 0D 0A  565.0   0.057..
000137 01:08:00.828  20 35 36 34 2E 30 20 20 20 30 2E 30 35 37 0D 0A  564.0   0.057..
000138 01:08:00.843  20 35 36 33 2E 30 20 20 20 30 2E 30 35 37 0D 0A  563.0   0.057..
000139 01:08:00.859  20 35 36 32 2E 30 20 20 20 30 2E 30 35 37 0D 0A  562.0   0.057..
000140 01:08:00.875  20 35 36 31 2E 30 20 20 20 30 2E 30 35 38 0D 0A  561.0   0.058..
000141 01:08:00.906  20 35 36 30 2E 30 20 20 20 30 2E 30 35 38 0D 0A  560.0   0.058..
000142 01:08:00.906  20 35 35 39 2E 30 20 20 20 30 2E 30 35 38 0D 0A  559.0   0.058..
000143 01:08:00.921  20 35 35 38 2E 30 20 20 20 30 2E 30 35 38 0D 0A  558.0   0.058..
000144 01:08:00.937  20 35 35 37 2E 30 20 20 20 30 2E 30 35 39 0D 0A  557.0   0.059..
000145 01:08:00.953  20 35 35 36 2E 30 20 20 20 30 2E 30 35 39 0D 0A  556.0   0.059..
000146 01:08:00.968  20 35 35 35 2E 30 20 20 20 30 2E 30 35 39 0D 0A  555.0   0.059..
000147 01:08:00.984  20 35 35 34 2E 30 20 20 20 30 2E 30 35 39 0D 0A  554.0   0.059..
000148 01:08:01.031  20 35 35 33 2E 30 20 20 20 30 2E 30 35 39 0D 0A  553.0   0.059..
000149 01:08:01.031  20 35 35 32 2E 30 20 20 20 30 2E 30 36 30 0D 0A  552.0   0.060..
000150 01:08:01.046  20 35 35 31 2E 30 20 20 20 30 2E 30 36 30 0D 0A  551.0   0.060..
000151 01:08:01.062  20 35 35 30 2E 30 20 20 20 30 2E 30 36 31 0D 0A  550.0   0.061..
000152 01:08:01.078  20 35 34 39 2E 30 20 20 20 30 2E 30 36 31 0D 0A  549.0   0.061..
000153 01:08:01.093  20 35 34 38 2E 30 20 20 20 30 2E 30 36 32 0D 0A  548.0   0.062..
000154 01:08:01.109  20 35 34 37 2E 30 20 20 20 30 2E 30 36 32 0D 0A  547.0   0.062..
000155 01:08:01.140  20 35 34 36 2E 30 20 20 20 30 2E 30 36 32 0D 0A  546.0   0.062..
000156 01:08:01.156  20 35 34 35 2E 30 20 20 20 30 2E 30 36 33 0D 0A  545.0   0.063..
000157 01:08:01.171  20 35 34 34 2E 30 20 20 20 30 2E 30 36 33 0D 0A  544.0   0.063..
000158 01:08:01.171  20 35 34 33 2E 30 20 20 20 30 2E 30 36 33 0D 0A  543.0   0.063..
000159 01:08:01.187  20 35 34 32 2E 30 20 20 20 30 2E 30 36 34 0D 0A  542.0   0.064..
000160 01:08:01.203  20 35 34 31 2E 30 20 20 20 30 2E 30 36 35 0D 0A  541.0   0.065..
000161 01:08:01.218  20 35 34 30 2E 30 20 20 20 30 2E 30 36 35 0D 0A  540.0   0.065..
000162 01:08:01.250  20 35 33 39 2E 30 20 20 20 30 2E 30 36 36 0D 0A  539.0   0.066..
000163 01:08:01.265  20 35 33 38 2E 30 20 20 20 30 2E 30 36 36 0D 0A  538.0   0.066..
000164 01:08:01.281  20 35 33 37 2E 30 20 20 20 30 2E 30 36 37 0D 0A  537.0   0.067..
000165 01:08:01.296  20 35 33 36 2E 30 20 20 20 30 2E 30 36 33 0D 0A  536.0   0.063..
000166 01:08:01.312  20 35 33 35 2E 30 20 20 20 30 2E 30 36 33 0D 0A  535.0   0.063..
000167 01:08:01.328  20 35 33 34 2E 30 20 20 20 30 2E 30 36 34 0D 0A  534.0   0.064..
000168 01:08:01.343  20 35 33 33 2E 30 20 20 20 30 2E 30 36 34 0D 0A  533.0   0.064..
000169 01:08:01.375  20 35 33 32 2E 30 20 20 20 30 2E 30 36 34 0D 0A  532.0   0.064..
000170 01:08:01.390  20 35 33 31 2E 30 20 20 20 30 2E 30 36 34 0D 0A  531.0   0.064..
000171 01:08:01.406  20 35 33 30 2E 30 20 20 20 30 2E 30 36 35 0D 0A  530.0   0.065..
000172 01:08:01.421  20 35 32 39 2E 30 20 20 20 30 2E 30 36 35 0D 0A  529.0   0.065..
000173 01:08:01.437  20 35 32 38 2E 30 20 20 20 30 2E 30 36 35 0D 0A  528.0   0.065..
000174 01:08:01.437  20 35 32 37 2E 30 20 20 20 30 2E 30 36 35 0D 0A  527.0   0.065..
000175 01:08:01.453  20 35 32 36 2E 30 20 20 20 30 2E 30 36 35 0D 0A  526.0   0.065..
000176 01:08:01.484  20 35 32 35 2E 30 20 20 20 30 2E 30 36 36 0D 0A  525.0   0.066..
000177 01:08:01.500  20 35 32 34 2E 30 20 20 20 30 2E 30 36 36 0D 0A  524.0   0.066..
000178 01:08:01.515  20 35 32 33 2E 30 20 20 20 30 2E 30 36 36 0D 0A  523.0   0.066..
000179 01:08:01.531  20 35 32 32 2E 30 20 20 20 30 2E 30 36 37 0D 0A  522.0   0.067..
000180 01:08:01.546  20 35 32 31 2E 30 20 20 20 30 2E 30 36 37 0D 0A  521.0   0.067..
000181 01:08:01.562  20 35 32 30 2E 30 20 20 20 30 2E 30 36 37 0D 0A  520.0   0.067..
000182 01:08:01.578  20 35 31 39 2E 30 20 20 20 30 2E 30 36 38 0D 0A  519.0   0.068..
000183 01:08:01.609  20 35 31 38 2E 30 20 20 20 30 2E 30 36 38 0D 0A  518.0   0.068..
000184 01:08:01.625  20 35 31 37 2E 30 20 20 20 30 2E 30 36 38 0D 0A  517.0   0.068..
000185 01:08:01.640  20 35 31 36 2E 30 20 20 20 30 2E 30 36 38 0D 0A  516.0   0.068..
000186 01:08:01.656  20 35 31 35 2E 30 20 20 20 30 2E 30 36 39 0D 0A  515.0   0.069..
000187 01:08:01.671  20 35 31 34 2E 30 20 20 20 30 2E 30 36 39 0D 0A  514.0   0.069..
000188 01:08:01.687  20 35 31 33 2E 30 20 20 20 30 2E 30 36 39 0D 0A  513.0   0.069..
000189 01:08:01.687  20 35 31 32 2E 30 20 20 20 30 2E 30 36 39 0D 0A  512.0   0.069..
000190 01:08:01.718  20 35 31 31 2E 30 20 20 20 30 2E 30 37 30 0D 0A  511.0   0.070..
000191 01:08:01.734  20 35 31 30 2E 30 20 20 20 30 2E 30 37 30 0D 0A  510.0   0.070..
000192 01:08:01.750  20 35 30 39 2E 30 20 20 20 30 2E 30 37 31 0D 0A  509.0   0.071..
000193 01:08:01.765  20 35 30 38 2E 30 20 20 20 30 2E 30 37 31 0D 0A  508.0   0.071..
000194 01:08:01.781  20 35 30 37 2E 30 20 20 20 30 2E 30 37 31 0D 0A  507.0   0.071..
000195 01:08:01.796  20 35 30 36 2E 30 20 20 20 30 2E 30 37 32 0D 0A  506.0   0.072..
000196 01:08:01.812  20 35 30 35 2E 30 20 20 20 30 2E 30 37 32 0D 0A  505.0   0.072..
000197 01:08:01.843  20 35 30 34 2E 30 20 20 20 30 2E 30 37 32 0D 0A  504.0   0.072..
000198 01:08:01.859  20 35 30 33 2E 30 20 20 20 30 2E 30 37 32 0D 0A  503.0   0.072..
000199 01:08:01.875  20 35 30 32 2E 30 20 20 20 30 2E 30 37 33 0D 0A  502.0   0.073..
000200 01:08:01.890  20 35 30 31 2E 30 20 20 20 30 2E 30 37 33 0D 0A  501.0   0.073..
000201 01:08:01.906  20 35 30 30 2E 30 20 20 20 30 2E 30 37 33 0D 0A  500.0   0.073..
000202 01:08:01.921  20 34 39 39 2E 30 20 20 20 30 2E 30 37 34 0D 0A  499.0   0.074..
000203 01:08:01.937  20 34 39 38 2E 30 20 20 20 30 2E 30 37 34 0D 0A  498.0   0.074..
000204 01:08:01.953  20 34 39 37 2E 30 20 20 20 30 2E 30 37 34 0D 0A  497.0   0.074..
000205 01:08:01.984  20 34 39 36 2E 30 20 20 20 30 2E 30 37 34 0D 0A  496.0   0.074..
000206 01:08:01.984  20 34 39 35 2E 30 20 20 20 30 2E 30 37 35 0D 0A  495.0   0.075..
000207 01:08:02.000  20 34 39 34 2E 30 20 20 20 30 2E 30 37 35 0D 0A  494.0   0.075..
000208 01:08:02.015  20 34 39 33 2E 30 20 20 20 30 2E 30 37 35 0D 0A  493.0   0.075..
000209 01:08:02.031  20 34 39 32 2E 30 20 20 20 30 2E 30 37 35 0D 0A  492.0   0.075..
000210 01:08:02.046  20 34 39 31 2E 30 20 20 20 30 2E 30 37 36 0D 0A  491.0   0.076..
000211 01:08:02.078  20 34 39 30 2E 30 20 20 20 30 2E 30 37 36 0D 0A  490.0   0.076..
000212 01:08:02.093  20 34 38 39 2E 30 20 20 20 30 2E 30 37 36 0D 0A  489.0   0.076..
000213 01:08:02.109  20 34 38 38 2E 30 20 20 20 30 2E 30 37 36 0D 0A  488.0   0.076..
000214 01:08:02.125  20 34 38 37 2E 30 20 20 20 30 2E 30 37 37 0D 0A  487.0   0.077..
000215 01:08:02.140  20 34 38 36 2E 30 20 20 20 30 2E 30 37 37 0D 0A  486.0   0.077..
000216 01:08:02.156  20 34 38 35 2E 30 20 20 20 30 2E 30 37 37 0D 0A  485.0   0.077..
000217 01:08:02.171  20 34 38 34 2E 30 20 20 20 30 2E 30 37 38 0D 0A  484.0   0.078..
000218 01:08:02.203  20 34 38 33 2E 30 20 20 20 30 2E 30 37 38 0D 0A  483.0   0.078..
000219 01:08:02.234  20 34 38 32 2E 30 20 20 20 30 2E 30 37 38 0D 0A  482.0   0.078..
000220 01:08:02.234  20 34 38 31 2E 30 20 20 20 30 2E 30 37 38 0D 0A  481.0   0.078..
000221 01:08:02.234  20 34 38 30 2E 30 20 20 20 30 2E 30 37 39 0D 0A  480.0   0.079..
000222 01:08:02.250  20 34 37 39 2E 30 20 20 20 30 2E 30 37 39 0D 0A  479.0   0.079..
000223 01:08:02.265  20 34 37 38 2E 30 20 20 20 30 2E 30 37 39 0D 0A  478.0   0.079..
000224 01:08:02.281  20 34 37 37 2E 30 20 20 20 30 2E 30 38 30 0D 0A  477.0   0.080..
000225 01:08:02.312  20 34 37 36 2E 30 20 20 20 30 2E 30 38 30 0D 0A  476.0   0.080..
000226 01:08:02.328  20 34 37 35 2E 30 20 20 20 30 2E 30 38 30 0D 0A  475.0   0.080..
000227 01:08:02.343  20 34 37 34 2E 30 20 20 20 30 2E 30 38 30 0D 0A  474.0   0.080..
000228 01:08:02.359  20 34 37 33 2E 30 20 20 20 30 2E 30 38 31 0D 0A  473.0   0.081..
000229 01:08:02.375  20 34 37 32 2E 30 20 20 20 30 2E 30 38 31 0D 0A  472.0   0.081..
000230 01:08:02.390  20 34 37 31 2E 30 20 20 20 30 2E 30 38 31 0D 0A  471.0   0.081..
000231 01:08:02.406  20 34 37 30 2E 30 20 20 20 30 2E 30 38 32 0D 0A  470.0   0.082..
000232 01:08:02.437  20 34 36 39 2E 30 20 20 20 30 2E 30 38 33 0D 0A  469.0   0.083..
000233 01:08:02.453  20 34 36 38 2E 30 20 20 20 30 2E 30 38 33 0D 0A  468.0   0.083..
000234 01:08:02.468  20 34 36 37 2E 30 20 20 20 30 2E 30 38 33 0D 0A  467.0   0.083..
000235 01:08:02.484  20 34 36 36 2E 30 20 20 20 30 2E 30 38 33 0D 0A  466.0   0.083..
000236 01:08:02.484  20 34 36 35 2E 30 20 20 20 30 2E 30 38 34 0D 0A  465.0   0.084..
000237 01:08:02.500  20 34 36 34 2E 30 20 20 20 30 2E 30 38 34 0D 0A  464.0   0.084..
000238 01:08:02.531  20 34 36 33 2E 30 20 20 20 30 2E 30 38 34 0D 0A  463.0   0.084..
000239 01:08:02.546  20 34 36 32 2E 30 20 20 20 30 2E 30 38 34 0D 0A  462.0   0.084..
000240 01:08:02.562  20 34 36 31 2E 30 20 20 20 30 2E 30 38 34 0D 0A  461.0   0.084..
000241 01:08:02.578  20 34 36 30 2E 30 20 20 20 30 2E 30 38 35 0D 0A  460.0   0.085..
000242 01:08:02.593  20 34 35 39 2E 30 20 20 20 30 2E 30 38 35 0D 0A  459.0   0.085..
000243 01:08:02.609  20 34 35 38 2E 30 20 20 20 30 2E 30 38 36 0D 0A  458.0   0.086..
000244 01:08:02.625  20 34 35 37 2E 30 20 20 20 30 2E 30 38 37 0D 0A  457.0   0.087..
000245 01:08:02.640  20 34 35 36 2E 30 20 20 20 30 2E 30 38 37 0D 0A  456.0   0.087..
000246 01:08:02.671  20 34 35 35 2E 30 20 20 20 30 2E 30 38 38 0D 0A  455.0   0.088..
000247 01:08:02.687  20 34 35 34 2E 30 20 20 20 30 2E 30 38 39 0D 0A  454.0   0.089..
000248 01:08:02.703  20 34 35 33 2E 30 20 20 20 30 2E 30 38 39 0D 0A  453.0   0.089..
000249 01:08:02.718  20 34 35 32 2E 30 20 20 20 30 2E 30 39 30 0D 0A  452.0   0.090..
000250 01:08:02.734  20 34 35 31 2E 30 20 20 20 30 2E 30 39 31 0D 0A  451.0   0.091..
000251 01:08:02.750  20 34 35 30 2E 30 20 20 20 30 2E 30 39 32 0D 0A  450.0   0.092..
000252 01:08:02.781  20 34 34 39 2E 30 20 20 20 30 2E 30 39 33 0D 0A  449.0   0.093..
000253 01:08:02.781  20 34 34 38 2E 30 20 20 20 30 2E 30 39 34 0D 0A  448.0   0.094..
000254 01:08:02.796  20 34 34 37 2E 30 20 20 20 30 2E 30 39 34 0D 0A  447.0   0.094..
000255 01:08:02.812  20 34 34 36 2E 30 20 20 20 30 2E 30 39 35 0D 0A  446.0   0.095..
000256 01:08:02.828  20 34 34 35 2E 30 20 20 20 30 2E 30 39 36 0D 0A  445.0   0.096..
000257 01:08:02.859  20 34 34 34 2E 30 20 20 20 30 2E 30 39 36 0D 0A  444.0   0.096..
000258 01:08:02.859  20 34 34 33 2E 30 20 20 20 30 2E 30 39 37 0D 0A  443.0   0.097..
000259 01:08:02.875  20 34 34 32 2E 30 20 20 20 30 2E 30 39 37 0D 0A  442.0   0.097..
000260 01:08:02.906  20 34 34 31 2E 30 20 20 20 30 2E 30 39 38 0D 0A  441.0   0.098..
000261 01:08:02.921  20 34 34 30 2E 30 20 20 20 30 2E 30 39 39 0D 0A  440.0   0.099..
000262 01:08:02.937  20 34 33 39 2E 30 20 20 20 30 2E 31 30 30 0D 0A  439.0   0.100..
000263 01:08:02.953  20 34 33 38 2E 30 20 20 20 30 2E 31 30 31 0D 0A  438.0   0.101..
000264 01:08:02.968  20 34 33 37 2E 30 20 20 20 30 2E 31 30 32 0D 0A  437.0   0.102..
000265 01:08:02.984  20 34 33 36 2E 30 20 20 20 30 2E 31 30 33 0D 0A  436.0   0.103..
000266 01:08:03.000  20 34 33 35 2E 30 20 20 20 30 2E 31 30 34 0D 0A  435.0   0.104..
000267 01:08:03.015  20 34 33 34 2E 30 20 20 20 30 2E 31 30 35 0D 0A  434.0   0.105..
000268 01:08:03.031  20 34 33 33 2E 30 20 20 20 30 2E 31 30 37 0D 0A  433.0   0.107..
000269 01:08:03.046  20 34 33 32 2E 30 20 20 20 30 2E 31 30 38 0D 0A  432.0   0.108..
000270 01:08:03.078  20 34 33 31 2E 30 20 20 20 30 2E 31 30 39 0D 0A  431.0   0.109..
000271 01:08:03.078  20 34 33 30 2E 30 20 20 20 30 2E 31 31 31 0D 0A  430.0   0.111..
000272 01:08:03.093  20 34 32 39 2E 30 20 20 20 30 2E 31 31 33 0D 0A  429.0   0.113..
000273 01:08:03.109  20 34 32 38 2E 30 20 20 20 30 2E 31 31 35 0D 0A  428.0   0.115..
000274 01:08:03.140  20 34 32 37 2E 30 20 20 20 30 2E 31 31 38 0D 0A  427.0   0.118..
000275 01:08:03.156  20 34 32 36 2E 30 20 20 20 30 2E 31 32 30 0D 0A  426.0   0.120..
000276 01:08:03.171  20 34 32 35 2E 30 20 20 20 30 2E 31 32 33 0D 0A  425.0   0.123..
000277 01:08:03.187  20 34 32 34 2E 30 20 20 20 30 2E 31 32 36 0D 0A  424.0   0.126..
000278 01:08:03.203  20 34 32 33 2E 30 20 20 20 30 2E 31 32 39 0D 0A  423.0   0.129..
000279 01:08:03.218  20 34 32 32 2E 30 20 20 20 30 2E 31 33 32 0D 0A  422.0   0.132..
000280 01:08:03.234  20 34 32 31 2E 30 20 20 20 30 2E 31 33 36 0D 0A  421.0   0.136..
000281 01:08:03.265  20 34 32 30 2E 30 20 20 20 30 2E 31 34 30 0D 0A  420.0   0.140..
000282 01:08:03.265  20 34 31 39 2E 30 20 20 20 30 2E 31 34 34 0D 0A  419.0   0.144..
000283 01:08:03.281  20 34 31 38 2E 30 20 20 20 30 2E 31 34 39 0D 0A  418.0   0.149..
000284 01:08:03.328  20 34 31 37 2E 30 20 20 20 30 2E 31 35 34 0D 0A  417.0   0.154..
000285 01:08:03.328  20 34 31 36 2E 30 20 20 20 30 2E 31 35 38 0D 0A  416.0   0.158..
000286 01:08:03.328  20 34 31 35 2E 30 20 20 20 30 2E 31 36 33 0D 0A  415.0   0.163..
000287 01:08:03.343  20 34 31 34 2E 30 20 20 20 30 2E 31 36 39 0D 0A  414.0   0.169..
000288 01:08:03.375  20 34 31 33 2E 30 20 20 20 30 2E 31 37 35 0D 0A  413.0   0.175..
000289 01:08:03.390  20 34 31 32 2E 30 20 20 20 30 2E 31 38 32 0D 0A  412.0   0.182..
000290 01:08:03.406  20 34 31 31 2E 30 20 20 20 30 2E 31 38 39 0D 0A  411.0   0.189..
000291 01:08:03.421  20 34 31 30 2E 30 20 20 20 30 2E 31 39 35 0D 0A  410.0   0.195..
000292 01:08:03.437  20 34 30 39 2E 30 20 20 20 30 2E 32 30 32 0D 0A  409.0   0.202..
000293 01:08:03.453  20 34 30 38 2E 30 20 20 20 30 2E 32 30 37 0D 0A  408.0   0.207..
000294 01:08:03.468  20 34 30 37 2E 30 20 20 20 30 2E 32 31 32 0D 0A  407.0   0.212..
000295 01:08:03.500  20 34 30 36 2E 30 20 20 20 30 2E 32 31 35 0D 0A  406.0   0.215..
000296 01:08:03.515  20 34 30 35 2E 30 20 20 20 30 2E 32 31 37 0D 0A  405.0   0.217..
000297 01:08:03.531  20 34 30 34 2E 30 20 20 20 30 2E 32 31 38 0D 0A  404.0   0.218..
000298 01:08:03.531  20 34 30 33 2E 30 20 20 20 30 2E 32 31 38 0D 0A  403.0   0.218..
000299 01:08:03.546  20 34 30 32 2E 30 20 20 20 30 2E 32 31 37 0D 0A  402.0   0.217..
000300 01:08:03.562  20 34 30 31 2E 30 20 20 20 30 2E 32 31 35 0D 0A  401.0   0.215..
000301 01:08:03.578  20 34 30 30 2E 30 20 20 20 30 2E 32 31 33 0D 0A  400.0   0.213..
000302 01:08:03.609  20 33 39 39 2E 30 20 20 20 30 2E 32 31 30 0D 0A  399.0   0.210..
000303 01:08:03.625  20 33 39 38 2E 30 20 20 20 30 2E 32 30 36 0D 0A  398.0   0.206..
000304 01:08:03.640  20 33 39 37 2E 30 20 20 20 30 2E 32 30 33 0D 0A  397.0   0.203..
000305 01:08:03.656  20 33 39 36 2E 30 20 20 20 30 2E 32 30 30 0D 0A  396.0   0.200..
000306 01:08:03.671  20 33 39 35 2E 30 20 20 20 30 2E 31 39 37 0D 0A  395.0   0.197..
000307 01:08:03.687  20 33 39 34 2E 30 20 20 20 30 2E 31 39 34 0D 0A  394.0   0.194..
000308 01:08:03.703  20 33 39 33 2E 30 20 20 20 30 2E 31 39 31 0D 0A  393.0   0.191..
000309 01:08:03.734  20 33 39 32 2E 30 20 20 20 30 2E 31 38 39 0D 0A  392.0   0.189..
000310 01:08:03.750  20 33 39 31 2E 30 20 20 20 30 2E 31 38 37 0D 0A  391.0   0.187..
000311 01:08:03.765  20 33 39 30 2E 30 20 20 20 30 2E 31 38 35 0D 0A  390.0   0.185..
000312 01:08:03.781  20 33 38 39 2E 30 20 20 20 30 2E 31 38 33 0D 0A  389.0   0.183..
000313 01:08:03.796  20 33 38 38 2E 30 20 20 20 30 2E 31 38 31 0D 0A  388.0   0.181..
000314 01:08:03.796  20 33 38 37 2E 30 20 20 20 30 2E 31 38 30 0D 0A  387.0   0.180..
000315 01:08:03.812  20 33 38 36 2E 30 20 20 20 30 2E 31 37 39 0D 0A  386.0   0.179..
000316 01:08:03.843  20 33 38 35 2E 30 20 20 20 30 2E 31 37 38 0D 0A  385.0   0.178..
000317 01:08:03.859  20 33 38 34 2E 30 20 20 20 30 2E 31 37 37 0D 0A  384.0   0.177..
000318 01:08:03.875  20 33 38 33 2E 30 20 20 20 30 2E 31 37 36 0D 0A  383.0   0.176..
000319 01:08:03.890  20 33 38 32 2E 30 20 20 20 30 2E 31 37 35 0D 0A  382.0   0.175..
000320 01:08:03.906  20 33 38 31 2E 30 20 20 20 30 2E 31 37 35 0D 0A  381.0   0.175..
000321 01:08:03.921  20 33 38 30 2E 30 20 20 20 30 2E 31 37 34 0D 0A  380.0   0.174..
000322 01:08:03.937  20 33 37 39 2E 30 20 20 20 30 2E 31 37 33 0D 0A  379.0   0.173..
000323 01:08:03.968  20 33 37 38 2E 30 20 20 20 30 2E 31 37 33 0D 0A  378.0   0.173..
000324 01:08:03.984  20 33 37 37 2E 30 20 20 20 30 2E 31 37 32 0D 0A  377.0   0.172..
000325 01:08:04.000  20 33 37 36 2E 30 20 20 20 30 2E 31 37 32 0D 0A  376.0   0.172..
000326 01:08:04.015  20 33 37 35 2E 30 20 20 20 30 2E 31 37 32 0D 0A  375.0   0.172..
000327 01:08:04.031  20 33 37 34 2E 30 20 20 20 30 2E 31 37 32 0D 0A  374.0   0.172..
000328 01:08:04.046  20 33 37 33 2E 30 20 20 20 30 2E 31 37 32 0D 0A  373.0   0.172..
000329 01:08:04.046  20 33 37 32 2E 30 20 20 20 30 2E 31 37 32 0D 0A  372.0   0.172..
000330 01:08:04.078  20 33 37 31 2E 30 20 20 20 30 2E 31 37 32 0D 0A  371.0   0.172..
000331 01:08:04.093  20 33 37 30 2E 30 20 20 20 30 2E 31 37 32 0D 0A  370.0   0.172..
000332 01:08:04.109  20 33 36 39 2E 30 20 20 20 30 2E 31 37 32 0D 0A  369.0   0.172..
000333 01:08:04.125  20 33 36 38 2E 30 20 20 20 30 2E 31 37 32 0D 0A  368.0   0.172..
000334 01:08:04.140  20 33 36 37 2E 30 20 20 20 30 2E 31 37 33 0D 0A  367.0   0.173..
000335 01:08:04.156  20 33 36 36 2E 30 20 20 20 30 2E 31 37 34 0D 0A  366.0   0.174..
000336 01:08:04.171  20 33 36 35 2E 30 20 20 20 30 2E 31 37 34 0D 0A  365.0   0.174..
000337 01:08:04.203  20 33 36 34 2E 30 20 20 20 30 2E 31 37 35 0D 0A  364.0   0.175..
000338 01:08:04.218  20 33 36 33 2E 30 20 20 20 30 2E 31 37 35 0D 0A  363.0   0.175..
000339 01:08:04.234  20 33 36 32 2E 30 20 20 20 30 2E 31 37 36 0D 0A  362.0   0.176..
000340 01:08:04.250  20 33 36 31 2E 30 20 20 20 30 2E 31 37 37 0D 0A  361.0   0.177..
000341 01:08:04.265  20 33 36 30 2E 30 20 20 20 30 2E 31 37 37 0D 0A  360.0   0.177..
000342 01:08:04.281  20 33 35 39 2E 30 20 20 20 30 2E 31 37 38 0D 0A  359.0   0.178..
000343 01:08:04.296  20 33 35 38 2E 30 20 20 20 30 2E 31 37 39 0D 0A  358.0   0.179..
000344 01:08:04.312  20 33 35 37 2E 30 20 20 20 30 2E 31 38 30 0D 0A  357.0   0.180..
000345 01:08:04.328  20 33 35 36 2E 30 20 20 20 30 2E 31 38 31 0D 0A  356.0   0.181..
000346 01:08:04.343  20 33 35 35 2E 30 20 20 20 30 2E 31 38 31 0D 0A  355.0   0.181..
000347 01:08:04.359  20 33 35 34 2E 30 20 20 20 30 2E 31 38 32 0D 0A  354.0   0.182..
000348 01:08:04.375  20 33 35 33 2E 30 20 20 20 30 2E 31 38 33 0D 0A  353.0   0.183..
000349 01:08:04.390  20 33 35 32 2E 30 20 20 20 30 2E 31 38 34 0D 0A  352.0   0.184..
000350 01:08:04.406  20 33 35 31 2E 30 20 20 20 30 2E 31 38 35 0D 0A  351.0   0.185..
000351 01:08:04.437  20 33 35 30 2E 30 20 20 20 30 2E 31 38 36 0D 0A  350.0   0.186..
000352 01:08:04.453  20 33 34 39 2E 30 20 20 20 30 2E 31 38 37 0D 0A  349.0   0.187..
000353 01:08:04.468  20 33 34 38 2E 30 20 20 20 30 2E 31 38 38 0D 0A  348.0   0.188..
000354 01:08:04.484  20 33 34 37 2E 30 20 20 20 30 2E 31 38 39 0D 0A  347.0   0.189..
000355 01:08:04.500  20 33 34 36 2E 30 20 20 20 30 2E 31 39 30 0D 0A  346.0   0.190..
000356 01:08:04.515  20 33 34 35 2E 30 20 20 20 30 2E 31 39 31 0D 0A  345.0   0.191..
000357 01:08:04.531  20 33 34 34 2E 30 20 20 20 30 2E 31 39 32 0D 0A  344.0   0.192..
000358 01:08:04.562  20 33 34 33 2E 30 20 20 20 30 2E 31 39 33 0D 0A  343.0   0.193..
000359 01:08:04.578  20 33 34 32 2E 30 20 20 20 30 2E 31 39 34 0D 0A  342.0   0.194..
000360 01:08:04.578  20 33 34 31 2E 30 20 20 20 30 2E 31 39 36 0D 0A  341.0   0.196..
000361 01:08:04.593  20 33 34 30 2E 30 20 20 20 30 2E 32 30 31 0D 0A  340.0   0.201..
000362 01:08:04.609  20 33 33 39 2E 30 20 20 20 30 2E 32 30 32 0D 0A  339.0   0.202..
000363 01:08:04.625  20 33 33 38 2E 30 20 20 20 30 2E 32 30 33 0D 0A  338.0   0.203..
000364 01:08:04.640  20 33 33 37 2E 30 20 20 20 30 2E 32 30 35 0D 0A  337.0   0.205..
000365 01:08:04.671  20 33 33 36 2E 30 20 20 20 30 2E 32 30 36 0D 0A  336.0   0.206..
000366 01:08:04.687  20 33 33 35 2E 30 20 20 20 30 2E 32 30 38 0D 0A  335.0   0.208..
000367 01:08:04.703  20 33 33 34 2E 30 20 20 20 30 2E 32 30 39 0D 0A  334.0   0.209..
000368 01:08:04.718  20 33 33 33 2E 30 20 20 20 30 2E 32 31 31 0D 0A  333.0   0.211..
000369 01:08:04.734  20 33 33 32 2E 30 20 20 20 30 2E 32 31 32 0D 0A  332.0   0.212..
000370 01:08:04.750  20 33 33 31 2E 30 20 20 20 30 2E 32 31 33 0D 0A  331.0   0.213..
000371 01:08:04.765  20 33 33 30 2E 30 20 20 20 30 2E 32 31 36 0D 0A  330.0   0.216..
000372 01:08:04.796  20 33 32 39 2E 30 20 20 20 30 2E 32 31 38 0D 0A  329.0   0.218..
000373 01:08:04.812  20 33 32 38 2E 30 20 20 20 30 2E 32 31 38 0D 0A  328.0   0.218..
000374 01:08:04.828  20 33 32 37 2E 30 20 20 20 30 2E 32 32 30 0D 0A  327.0   0.220..
000375 01:08:04.843  20 33 32 36 2E 30 20 20 20 30 2E 32 32 32 0D 0A  326.0   0.222..
000376 01:08:04.843  20 33 32 35 2E 30 20 20 20 30 2E 32 32 34 0D 0A  325.0   0.224..
000377 01:08:04.859  20 33 32 34 2E 30 20 20 20 30 2E 32 32 36 0D 0A  324.0   0.226..
000378 01:08:04.875  20 33 32 33 2E 30 20 20 20 30 2E 32 32 38 0D 0A  323.0   0.228..
000379 01:08:04.906  20 33 32 32 2E 30 20 20 20 30 2E 32 32 39 0D 0A  322.0   0.229..
000380 01:08:04.921  20 33 32 31 2E 30 20 20 20 30 2E 32 33 32 0D 0A  321.0   0.232..
000381 01:08:04.953  20 33 32 30 2E 30 20 20 20 30 2E 32 33 34 0D 0A  320.0   0.234..
000382 01:08:04.953  20 33 31 39 2E 30 20 20 20 30 2E 32 33 36 0D 0A  319.0   0.236..
000383 01:08:04.968  20 33 31 38 2E 30 20 20 20 30 2E 32 33 38 0D 0A  318.0   0.238..
000384 01:08:04.984  20 33 31 37 2E 30 20 20 20 30 2E 32 34 31 0D 0A  317.0   0.241..
000385 01:08:05.000  20 33 31 36 2E 30 20 20 20 30 2E 32 34 33 0D 0A  316.0   0.243..
000386 01:08:05.031  20 33 31 35 2E 30 20 20 20 30 2E 32 34 36 0D 0A  315.0   0.246..
000387 01:08:05.046  20 33 31 34 2E 30 20 20 20 30 2E 32 35 30 0D 0A  314.0   0.250..
000388 01:08:05.062  20 33 31 33 2E 30 20 20 20 30 2E 32 35 34 0D 0A  313.0   0.254..
000389 01:08:05.078  20 33 31 32 2E 30 20 20 20 30 2E 32 35 38 0D 0A  312.0   0.258..
000390 01:08:05.093  20 33 31 31 2E 30 20 20 20 30 2E 32 36 34 0D 0A  311.0   0.264..
000391 01:08:05.109  20 33 31 30 2E 30 20 20 20 30 2E 32 37 31 0D 0A  310.0   0.271..
000392 01:08:05.109  20 33 30 39 2E 30 20 20 20 30 2E 32 37 39 0D 0A  309.0   0.279..
000393 01:08:05.140  20 33 30 38 2E 30 20 20 20 30 2E 32 38 38 0D 0A  308.0   0.288..
000394 01:08:05.171  20 33 30 37 2E 30 20 20 20 30 2E 33 30 31 0D 0A  307.0   0.301..
000395 01:08:05.171  20 33 30 36 2E 30 20 20 20 30 2E 33 32 35 0D 0A  306.0   0.325..
000396 01:08:05.187  20 33 30 35 2E 30 20 20 20 30 2E 33 33 39 0D 0A  305.0   0.339..
000397 01:08:05.203  20 33 30 34 2E 30 20 20 20 30 2E 33 36 32 0D 0A  304.0   0.362..
000398 01:08:05.218  20 33 30 33 2E 30 20 20 20 30 2E 33 39 32 0D 0A  303.0   0.392..
000399 01:08:05.234  20 33 30 32 2E 30 20 20 20 30 2E 34 32 38 0D 0A  302.0   0.428..
000400 01:08:05.265  20 33 30 31 2E 30 20 20 20 30 2E 34 36 38 0D 0A  301.0   0.468..
000401 01:08:05.281  20 33 30 30 2E 30 20 20 20 30 2E 35 31 36 0D 0A  300.0   0.516..
000402 01:08:05.296  20 32 39 39 2E 30 20 20 20 30 2E 35 37 36 0D 0A  299.0   0.576..
000403 01:08:05.312  20 32 39 38 2E 30 20 20 20 30 2E 36 34 34 0D 0A  298.0   0.644..
000404 01:08:05.328  20 32 39 37 2E 30 20 20 20 30 2E 37 31 37 0D 0A  297.0   0.717..
000405 01:08:05.343  20 32 39 36 2E 30 20 20 20 30 2E 38 30 35 0D 0A  296.0   0.805..
000406 01:08:05.359  20 32 39 35 2E 30 20 20 20 30 2E 39 31 33 0D 0A  295.0   0.913..
000407 01:08:05.390  20 32 39 34 2E 30 20 20 20 31 2E 30 34 31 0D 0A  294.0   1.041..
000408 01:08:05.390  20 32 39 33 2E 30 20 20 20 31 2E 31 37 32 0D 0A  293.0   1.172..
000409 01:08:05.406  20 32 39 32 2E 30 20 20 20 31 2E 33 31 33 0D 0A  292.0   1.313..
000410 01:08:05.421  20 32 39 31 2E 30 20 20 20 31 2E 34 36 34 0D 0A  291.0   1.464..
000411 01:08:05.437  20 32 39 30 2E 30 20 20 20 31 2E 36 31 34 0D 0A  290.0   1.614..
000412 01:08:05.453  20 32 38 39 2E 30 20 20 20 31 2E 37 35 34 0D 0A  289.0   1.754..
000413 01:08:05.468  20 32 38 38 2E 30 20 20 20 31 2E 38 38 33 0D 0A  288.0   1.883..
000414 01:08:05.500  20 32 38 37 2E 30 20 20 20 32 2E 30 33 30 0D 0A  287.0   2.030..
000415 01:08:05.515  20 32 38 36 2E 30 20 20 20 32 2E 31 37 37 0D 0A  286.0   2.177..
000416 01:08:05.531  20 32 38 35 2E 30 20 20 20 32 2E 32 39 35 0D 0A  285.0   2.295..
000417 01:08:05.546  20 32 38 34 2E 30 20 20 20 32 2E 34 33 36 0D 0A  284.0   2.436..
000418 01:08:05.562  20 32 38 33 2E 30 20 20 20 32 2E 35 34 31 0D 0A  283.0   2.541..
000419 01:08:05.578  20 32 38 32 2E 30 20 20 20 32 2E 36 31 39 0D 0A  282.0   2.619..
000420 01:08:05.593  20 32 38 31 2E 30 20 20 20 32 2E 36 38 31 0D 0A  281.0   2.681..
000421 01:08:05.625  20 32 38 30 2E 30 20 20 20 32 2E 36 38 36 0D 0A  280.0   2.686..
000422 01:08:05.625  20 32 37 39 2E 30 20 20 20 32 2E 37 32 32 0D 0A  279.0   2.722..
000423 01:08:05.640  20 32 37 38 2E 30 20 20 20 32 2E 37 36 31 0D 0A  278.0   2.761..
000424 01:08:05.656  20 32 37 37 2E 30 20 20 20 32 2E 37 36 36 0D 0A  277.0   2.766..
000425 01:08:05.671  20 32 37 36 2E 30 20 20 20 32 2E 37 33 37 0D 0A  276.0   2.737..
000426 01:08:05.687  20 32 37 35 2E 30 20 20 20 32 2E 37 31 31 0D 0A  275.0   2.711..
000427 01:08:05.703  20 32 37 34 2E 30 20 20 20 32 2E 36 38 38 0D 0A  274.0   2.688..
000428 01:08:05.734  20 32 37 33 2E 30 20 20 20 32 2E 36 36 37 0D 0A  273.0   2.667..
000429 01:08:05.750  20 32 37 32 2E 30 20 20 20 32 2E 36 32 34 0D 0A  272.0   2.624..
000430 01:08:05.765  20 32 37 31 2E 30 20 20 20 32 2E 35 34 36 0D 0A  271.0   2.546..
000431 01:08:05.781  20 32 37 30 2E 30 20 20 20 32 2E 34 39 39 0D 0A  270.0   2.499..
000432 01:08:05.796  20 32 36 39 2E 30 20 20 20 32 2E 34 33 30 0D 0A  269.0   2.430..
000433 01:08:05.812  20 32 36 38 2E 30 20 20 20 32 2E 33 37 35 0D 0A  268.0   2.375..
000434 01:08:05.828  20 32 36 37 2E 30 20 20 20 32 2E 33 30 38 0D 0A  267.0   2.308..
000435 01:08:05.859  20 32 36 36 2E 30 20 20 20 32 2E 32 33 35 0D 0A  266.0   2.235..
000436 01:08:05.875  20 32 36 35 2E 30 20 20 20 32 2E 31 36 33 0D 0A  265.0   2.163..
000437 01:08:05.890  20 32 36 34 2E 30 20 20 20 32 2E 30 38 37 0D 0A  264.0   2.087..
000438 01:08:05.890  20 32 36 33 2E 30 20 20 20 32 2E 30 31 33 0D 0A  263.0   2.013..
000439 01:08:05.906  20 32 36 32 2E 30 20 20 20 31 2E 39 35 31 0D 0A  262.0   1.951..
000440 01:08:05.921  20 32 36 31 2E 30 20 20 20 31 2E 38 39 34 0D 0A  261.0   1.894..
000441 01:08:05.953  20 32 36 30 2E 30 20 20 20 31 2E 38 33 35 0D 0A  260.0   1.835..
000442 01:08:05.984  20 32 35 39 2E 30 20 20 20 31 2E 37 38 31 0D 0A  259.0   1.781..
000443 01:08:05.984  20 32 35 38 2E 30 20 20 20 31 2E 37 33 30 0D 0A  258.0   1.730..
000444 01:08:06.000  20 32 35 37 2E 30 20 20 20 31 2E 36 38 35 0D 0A  257.0   1.685..
000445 01:08:06.015  20 32 35 36 2E 30 20 20 20 31 2E 36 34 30 0D 0A  256.0   1.640..
000446 01:08:06.031  20 32 35 35 2E 30 20 20 20 31 2E 36 30 37 0D 0A  255.0   1.607..
000447 01:08:06.046  20 32 35 34 2E 30 20 20 20 31 2E 35 38 39 0D 0A  254.0   1.589..
000448 01:08:06.062  20 32 35 33 2E 30 20 20 20 31 2E 35 37 33 0D 0A  253.0   1.573..
000449 01:08:06.093  20 32 35 32 2E 30 20 20 20 31 2E 35 37 33 0D 0A  252.0   1.573..
000450 01:08:06.109  20 32 35 31 2E 30 20 20 20 31 2E 35 38 35 0D 0A  251.0   1.585..
000451 01:08:06.125  20 32 35 30 2E 30 20 20 20 31 2E 36 31 30 0D 0A  250.0   1.610..
000452 01:08:06.140  20 32 34 39 2E 30 20 20 20 31 2E 36 33 37 0D 0A  249.0   1.637..
000453 01:08:06.156  20 32 34 38 2E 30 20 20 20 31 2E 36 38 37 0D 0A  248.0   1.687..
000454 01:08:06.171  20 32 34 37 2E 30 20 20 20 31 2E 37 36 32 0D 0A  247.0   1.762..
000455 01:08:06.171  20 32 34 36 2E 30 20 20 20 31 2E 38 34 38 0D 0A  246.0   1.848..
000456 01:08:06.203  20 32 34 35 2E 30 20 20 20 31 2E 39 36 30 0D 0A  245.0   1.960..
000457 01:08:06.218  20 32 34 34 2E 30 20 20 20 32 2E 31 30 34 0D 0A  244.0   2.104..
000458 01:08:06.234  20 32 34 33 2E 30 20 20 20 32 2E 32 38 38 0D 0A  243.0   2.288..
000459 01:08:06.250  20 32 34 32 2E 30 20 20 20 32 2E 34 38 33 0D 0A  242.0   2.483..
000460 01:08:06.265  20 32 34 31 2E 30 20 20 20 32 2E 37 35 39 0D 0A  241.0   2.759..
000461 01:08:06.281  20 32 34 30 2E 30 20 20 20 33 2E 31 33 32 0D 0A  240.0   3.132..
000462 01:08:06.296  20 32 33 39 2E 30 20 20 20 33 2E 33 31 33 0D 0A  239.0   3.313..
000463 01:08:06.328  20 32 33 38 2E 30 20 20 20 33 2E 36 31 37 0D 0A  238.0   3.617..
000464 01:08:06.343  20 32 33 37 2E 30 20 20 20 34 2E 30 30 30 0D 0A  237.0   4.000..
000465 01:08:06.359  20 32 33 36 2E 30 20 20 20 34 2E 30 30 30 0D 0A  236.0   4.000..
000466 01:08:06.375  20 32 33 35 2E 30 20 20 20 34 2E 30 30 30 0D 0A  235.0   4.000..
000467 01:08:06.390  20 32 33 34 2E 30 20 20 20 34 2E 30 30 30 0D 0A  234.0   4.000..
000468 01:08:06.406  20 32 33 33 2E 30 20 20 20 34 2E 30 30 30 0D 0A  233.0   4.000..
000469 01:08:06.406  20 32 33 32 2E 30 20 20 20 34 2E 30 30 30 0D 0A  232.0   4.000..
000470 01:08:06.437  20 32 33 31 2E 30 20 20 20 34 2E 30 30 30 0D 0A  231.0   4.000..
000471 01:08:06.453  20 32 33 30 2E 30 20 20 20 34 2E 30 30 30 0D 0A  230.0   4.000..
000472 01:08:06.468  20 32 32 39 2E 30 20 20 20 34 2E 30 30 30 0D 0A  229.0   4.000..
000473 01:08:06.484  20 32 32 38 2E 30 20 20 20 34 2E 30 30 30 0D 0A  228.0   4.000..
000474 01:08:06.500  20 32 32 37 2E 30 20 20 20 33 2E 35 35 35 0D 0A  227.0   3.555..
000475 01:08:06.515  20 32 32 36 2E 30 20 20 20 34 2E 30 30 30 0D 0A  226.0   4.000..
000476 01:08:06.531  20 32 32 35 2E 30 20 20 20 34 2E 30 30 30 0D 0A  225.0   4.000..
000477 01:08:06.562  20 32 32 34 2E 30 20 20 20 33 2E 35 32 37 0D 0A  224.0   3.527..
000478 01:08:06.578  20 32 32 33 2E 30 20 20 20 33 2E 35 31 39 0D 0A  223.0   3.519..
000479 01:08:06.593  20 32 32 32 2E 30 20 20 20 33 2E 35 30 38 0D 0A  222.0   3.508..
000480 01:08:06.609  20 32 32 31 2E 30 20 20 20 34 2E 30 30 30 0D 0A  221.0   4.000..
000481 01:08:06.640  20 32 32 30 2E 30 20 20 20 34 2E 30 30 30 0D 0A  220.0   4.000..
000482 01:08:06.640  20 32 31 39 2E 30 20 20 20 33 2E 34 37 38 0D 0A  219.0   3.478..
000483 01:08:06.656  20 32 31 38 2E 30 20 20 20 33 2E 34 36 36 0D 0A  218.0   3.466..
000484 01:08:06.671  20 32 31 37 2E 30 20 20 20 33 2E 34 35 33 0D 0A  217.0   3.453..
000485 01:08:06.687  20 32 31 36 2E 30 20 20 20 34 2E 30 30 30 0D 0A  216.0   4.000..
000486 01:08:06.703  20 32 31 35 2E 30 20 20 20 33 2E 34 32 36 0D 0A  215.0   3.426..
000487 01:08:06.734  20 32 31 34 2E 30 20 20 20 33 2E 34 30 38 0D 0A  214.0   3.408..
000488 01:08:06.734  20 32 31 33 2E 30 20 20 20 33 2E 39 39 34 0D 0A  213.0   3.994..
000489 01:08:06.765  20 32 31 32 2E 30 20 20 20 33 2E 39 37 36 0D 0A  212.0   3.976..
000490 01:08:06.765  20 32 31 31 2E 30 20 20 20 33 2E 36 35 34 0D 0A  211.0   3.654..
000491 01:08:06.796  20 32 31 30 2E 30 20 20 20 33 2E 36 33 30 0D 0A  210.0   3.630..
000492 01:08:06.812  20 32 30 39 2E 30 20 20 20 33 2E 39 30 33 0D 0A  209.0   3.903..
000493 01:08:06.828  20 32 30 38 2E 30 20 20 20 33 2E 38 37 36 0D 0A  208.0   3.876..
000494 01:08:06.843  20 32 30 37 2E 30 20 20 20 33 2E 38 34 35 0D 0A  207.0   3.845..
000495 01:08:06.859  20 32 30 36 2E 30 20 20 20 33 2E 35 30 39 0D 0A  206.0   3.509..
000496 01:08:06.875  20 32 30 35 2E 30 20 20 20 33 2E 34 37 31 0D 0A  205.0   3.471..
000497 01:08:06.890  20 32 30 34 2E 30 20 20 20 33 2E 34 33 32 0D 0A  204.0   3.432..
000498 01:08:06.921  20 32 30 33 2E 30 20 20 20 33 2E 36 39 30 0D 0A  203.0   3.690..
000499 01:08:06.937  20 32 30 32 2E 30 20 20 20 33 2E 33 34 31 0D 0A  202.0   3.341..
000500 01:08:06.953  20 32 30 31 2E 30 20 20 20 33 2E 32 38 39 0D 0A  201.0   3.289..
000501 01:08:06.953  20 32 30 30 2E 30 20 20 20 33 2E 35 34 30 0D 0A  200.0   3.540..
000502 01:08:06.968  20 31 39 39 2E 30 20 20 20 33 2E 34 38 35 0D 0A  199.0   3.485..
000503 01:08:06.984  20 31 39 38 2E 30 20 20 20 33 2E 34 32 38 0D 0A  198.0   3.428..
000504 01:08:07.000  20 31 39 37 2E 30 20 20 20 33 2E 33 36 36 0D 0A  197.0   3.366..
000505 01:08:07.031  20 31 39 36 2E 30 20 20 20 33 2E 33 31 30 0D 0A  196.0   3.310..
000506 01:08:07.046  20 31 39 35 2E 30 20 20 20 33 2E 32 34 39 0D 0A  195.0   3.249..
000507 01:08:07.062  20 31 39 34 2E 30 20 20 20 33 2E 31 37 38 0D 0A  194.0   3.178..
000508 01:08:07.078  20 31 39 33 2E 30 20 20 20 33 2E 31 30 36 0D 0A  193.0   3.106..
000509 01:08:07.093  20 31 39 32 2E 30 20 20 20 33 2E 30 32 33 0D 0A  192.0   3.023..
000510 01:08:07.109  20 31 39 31 2E 30 20 20 20 32 2E 39 32 34 0D 0A  191.0   2.924..
000511 01:08:07.125  20 31 39 30 2E 30 20 20 20 32 2E 38 30 36 0D 0A  190.0   2.806..
000512 01:08:07.140  1A                                              .
