000001 00:52:04.515  20 37 30 30 2E 30 20 20 20 30 2E 31 39 34 0D 0A  700.0   0.194..
000002 00:52:04.531  20 36 39 39 2E 30 20 20 20 30 2E 31 39 34 0D 0A  699.0   0.194..
000003 00:52:04.546  20 36 39 38 2E 30 20 20 20 30 2E 31 39 35 0D 0A  698.0   0.195..
000004 00:52:04.578  20 36 39 37 2E 30 20 20 20 30 2E 31 39 35 0D 0A  697.0   0.195..
000005 00:52:04.578  20 36 39 36 2E 30 20 20 20 30 2E 31 39 36 0D 0A  696.0   0.196..
000006 00:52:04.593  20 36 39 35 2E 30 20 20 20 30 2E 31 39 36 0D 0A  695.0   0.196..
000007 00:52:04.609  20 36 39 34 2E 30 20 20 20 30 2E 31 39 37 0D 0A  694.0   0.197..
000008 00:52:04.625  20 36 39 33 2E 30 20 20 20 30 2E 31 39 37 0D 0A  693.0   0.197..
000009 00:52:04.640  20 36 39 32 2E 30 20 20 20 30 2E 31 39 38 0D 0A  692.0   0.198..
000010 00:52:04.656  20 36 39 31 2E 30 20 20 20 30 2E 31 39 39 0D 0A  691.0   0.199..
000011 00:52:04.671  20 36 39 30 2E 30 20 20 20 30 2E 31 39 39 0D 0A  690.0   0.199..
000012 00:52:04.687  20 36 38 39 2E 30 20 20 20 30 2E 32 30 30 0D 0A  689.0   0.200..
000013 00:52:04.703  20 36 38 38 2E 30 20 20 20 30 2E 32 30 31 0D 0A  688.0   0.201..
000014 00:52:04.718  20 36 38 37 2E 30 20 20 20 30 2E 32 30 31 0D 0A  687.0   0.201..
000015 00:52:04.750  20 36 38 36 2E 30 20 20 20 30 2E 32 30 32 0D 0A  686.0   0.202..
000016 00:52:04.765  20 36 38 35 2E 30 20 20 20 30 2E 32 30 32 0D 0A  685.0   0.202..
000017 00:52:04.781  20 36 38 34 2E 30 20 20 20 30 2E 32 30 32 0D 0A  684.0   0.202..
000018 00:52:04.796  20 36 38 33 2E 30 20 20 20 30 2E 32 30 33 0D 0A  683.0   0.203..
000019 00:52:04.812  20 36 38 32 2E 30 20 20 20 30 2E 32 30 33 0D 0A  682.0   0.203..
000020 00:52:04.828  20 36 38 31 2E 30 20 20 20 30 2E 32 30 34 0D 0A  681.0   0.204..
000021 00:52:04.843  20 36 38 30 2E 30 20 20 20 30 2E 32 30 35 0D 0A  680.0   0.205..
000022 00:52:04.875  20 36 37 39 2E 30 20 20 20 30 2E 32 30 35 0D 0A  679.0   0.205..
000023 00:52:04.875  20 36 37 38 2E 30 20 20 20 30 2E 32 30 36 0D 0A  678.0   0.206..
000024 00:52:04.890  20 36 37 37 2E 30 20 20 20 30 2E 32 30 36 0D 0A  677.0   0.206..
000025 00:52:04.906  20 36 37 36 2E 30 20 20 20 30 2E 32 30 37 0D 0A  676.0   0.207..
000026 00:52:04.921  20 36 37 35 2E 30 20 20 20 30 2E 32 30 38 0D 0A  675.0   0.208..
000027 00:52:04.937  20 36 37 34 2E 30 20 20 20 30 2E 32 30 38 0D 0A  674.0   0.208..
000028 00:52:04.953  20 36 37 33 2E 30 20 20 20 30 2E 32 30 39 0D 0A  673.0   0.209..
000029 00:52:04.984  20 36 37 32 2E 30 20 20 20 30 2E 32 31 30 0D 0A  672.0   0.210..
000030 00:52:05.000  20 36 37 31 2E 30 20 20 20 30 2E 32 31 30 0D 0A  671.0   0.210..
000031 00:52:05.015  20 36 37 30 2E 30 20 20 20 30 2E 32 31 31 0D 0A  670.0   0.211..
000032 00:52:05.031  20 36 36 39 2E 30 20 20 20 30 2E 32 31 31 0D 0A  669.0   0.211..
000033 00:52:05.046  20 36 36 38 2E 30 20 20 20 30 2E 32 31 31 0D 0A  668.0   0.211..
000034 00:52:05.062  20 36 36 37 2E 30 20 20 20 30 2E 32 31 32 0D 0A  667.0   0.212..
000035 00:52:05.078  20 36 36 36 2E 30 20 20 20 30 2E 32 31 33 0D 0A  666.0   0.213..
000036 00:52:05.109  20 36 36 35 2E 30 20 20 20 30 2E 32 31 34 0D 0A  665.0   0.214..
000037 00:52:05.125  20 36 36 34 2E 30 20 20 20 30 2E 32 31 34 0D 0A  664.0   0.214..
000038 00:52:05.125  20 36 36 33 2E 30 20 20 20 30 2E 32 31 35 0D 0A  663.0   0.215..
000039 00:52:05.140  20 36 36 32 2E 30 20 20 20 30 2E 32 31 36 0D 0A  662.0   0.216..
000040 00:52:05.156  20 36 36 31 2E 30 20 20 20 30 2E 32 31 36 0D 0A  661.0   0.216..
000041 00:52:05.171  20 36 36 30 2E 30 20 20 20 30 2E 32 31 37 0D 0A  660.0   0.217..
000042 00:52:05.187  20 36 35 39 2E 30 20 20 20 30 2E 32 31 38 0D 0A  659.0   0.218..
000043 00:52:05.234  20 36 35 38 2E 30 20 20 20 30 2E 32 31 38 0D 0A  658.0   0.218..
000044 00:52:05.234  20 36 35 37 2E 30 20 20 20 30 2E 32 31 39 0D 0A  657.0   0.219..
000045 00:52:05.250  20 36 35 36 2E 30 20 20 20 30 2E 32 32 30 0D 0A  656.0   0.220..
000046 00:52:05.265  20 36 35 35 2E 30 20 20 20 30 2E 32 32 30 0D 0A  655.0   0.220..
000047 00:52:05.281  20 36 35 34 2E 30 20 20 20 30 2E 32 32 31 0D 0A  654.0   0.221..
000048 00:52:05.296  20 36 35 33 2E 30 20 20 20 30 2E 32 32 31 0D 0A  653.0   0.221..
000049 00:52:05.312  20 36 35 32 2E 30 20 20 20 30 2E 32 32 32 0D 0A  652.0   0.222..
000050 00:52:05.343  20 36 35 31 2E 30 20 20 20 30 2E 32 32 32 0D 0A  651.0   0.222..
000051 00:52:05.359  20 36 35 30 2E 30 20 20 20 30 2E 32 32 33 0D 0A  650.0   0.223..
000052 00:52:05.375  20 36 34 39 2E 30 20 20 20 30 2E 32 32 34 0D 0A  649.0   0.224..
000053 00:52:05.390  20 36 34 38 2E 30 20 20 20 30 2E 32 32 35 0D 0A  648.0   0.225..
000054 00:52:05.390  20 36 34 37 2E 30 20 20 20 30 2E 32 32 36 0D 0A  647.0   0.226..
000055 00:52:05.421  20 36 34 36 2E 30 20 20 20 30 2E 32 32 37 0D 0A  646.0   0.227..
000056 00:52:05.421  20 36 34 35 2E 30 20 20 20 30 2E 32 32 37 0D 0A  645.0   0.227..
000057 00:52:05.453  20 36 34 34 2E 30 20 20 20 30 2E 32 32 38 0D 0A  644.0   0.228..
000058 00:52:05.468  20 36 34 33 2E 30 20 20 20 30 2E 32 32 39 0D 0A  643.0   0.229..
000059 00:52:05.484  20 36 34 32 2E 30 20 20 20 30 2E 32 32 39 0D 0A  642.0   0.229..
000060 00:52:05.500  20 36 34 31 2E 30 20 20 20 30 2E 32 33 30 0D 0A  641.0   0.230..
000061 00:52:05.515  20 36 34 30 2E 30 20 20 20 30 2E 32 33 30 0D 0A  640.0   0.230..
000062 00:52:05.531  20 36 33 39 2E 30 20 20 20 30 2E 32 33 31 0D 0A  639.0   0.231..
000063 00:52:05.546  20 36 33 38 2E 30 20 20 20 30 2E 32 33 32 0D 0A  638.0   0.232..
000064 00:52:05.578  20 36 33 37 2E 30 20 20 20 30 2E 32 33 33 0D 0A  637.0   0.233..
000065 00:52:05.593  20 36 33 36 2E 30 20 20 20 30 2E 32 33 34 0D 0A  636.0   0.234..
000066 00:52:05.609  20 36 33 35 2E 30 20 20 20 30 2E 32 33 36 0D 0A  635.0   0.236..
000067 00:52:05.625  20 36 33 34 2E 30 20 20 20 30 2E 32 33 36 0D 0A  634.0   0.236..
000068 00:52:05.640  20 36 33 33 2E 30 20 20 20 30 2E 32 33 37 0D 0A  633.0   0.237..
000069 00:52:05.656  20 36 33 32 2E 30 20 20 20 30 2E 32 33 38 0D 0A  632.0   0.238..
000070 00:52:05.656  20 36 33 31 2E 30 20 20 20 30 2E 32 33 38 0D 0A  631.0   0.238..
000071 00:52:05.687  20 36 33 30 2E 30 20 20 20 30 2E 32 33 39 0D 0A  630.0   0.239..
000072 00:52:05.703  20 36 32 39 2E 30 20 20 20 30 2E 32 34 30 0D 0A  629.0   0.240..
000073 00:52:05.718  20 36 32 38 2E 30 20 20 20 30 2E 32 34 30 0D 0A  628.0   0.240..
000074 00:52:05.734  20 36 32 37 2E 30 20 20 20 30 2E 32 34 31 0D 0A  627.0   0.241..
000075 00:52:05.765  20 36 32 36 2E 30 20 20 20 30 2E 32 34 32 0D 0A  626.0   0.242..
000076 00:52:05.765  20 36 32 35 2E 30 20 20 20 30 2E 32 34 32 0D 0A  625.0   0.242..
000077 00:52:05.781  20 36 32 34 2E 30 20 20 20 30 2E 32 34 33 0D 0A  624.0   0.243..
000078 00:52:05.812  20 36 32 33 2E 30 20 20 20 30 2E 32 34 34 0D 0A  623.0   0.244..
000079 00:52:05.828  20 36 32 32 2E 30 20 20 20 30 2E 32 34 34 0D 0A  622.0   0.244..
000080 00:52:05.843  20 36 32 31 2E 30 20 20 20 30 2E 32 34 35 0D 0A  621.0   0.245..
000081 00:52:05.859  20 36 32 30 2E 30 20 20 20 30 2E 32 34 36 0D 0A  620.0   0.246..
000082 00:52:05.875  20 36 31 39 2E 30 20 20 20 30 2E 32 34 37 0D 0A  619.0   0.247..
000083 00:52:05.890  20 36 31 38 2E 30 20 20 20 30 2E 32 34 37 0D 0A  618.0   0.247..
000084 00:52:05.906  20 36 31 37 2E 30 20 20 20 30 2E 32 34 38 0D 0A  617.0   0.248..
000085 00:52:05.921  20 36 31 36 2E 30 20 20 20 30 2E 32 34 39 0D 0A  616.0   0.249..
000086 00:52:05.937  20 36 31 35 2E 30 20 20 20 30 2E 32 34 39 0D 0A  615.0   0.249..
000087 00:52:05.953  20 36 31 34 2E 30 20 20 20 30 2E 32 35 30 0D 0A  614.0   0.250..
000088 00:52:05.968  20 36 31 33 2E 30 20 20 20 30 2E 32 35 30 0D 0A  613.0   0.250..
000089 00:52:05.984  20 36 31 32 2E 30 20 20 20 30 2E 32 35 31 0D 0A  612.0   0.251..
000090 00:52:06.000  20 36 31 31 2E 30 20 20 20 30 2E 32 35 32 0D 0A  611.0   0.252..
000091 00:52:06.015  20 36 31 30 2E 30 20 20 20 30 2E 32 35 32 0D 0A  610.0   0.252..
000092 00:52:06.046  20 36 30 39 2E 30 20 20 20 30 2E 32 35 33 0D 0A  609.0   0.253..
000093 00:52:06.062  20 36 30 38 2E 30 20 20 20 30 2E 32 35 34 0D 0A  608.0   0.254..
000094 00:52:06.078  20 36 30 37 2E 30 20 20 20 30 2E 32 35 35 0D 0A  607.0   0.255..
000095 00:52:06.093  20 36 30 36 2E 30 20 20 20 30 2E 32 35 35 0D 0A  606.0   0.255..
000096 00:52:06.109  20 36 30 35 2E 30 20 20 20 30 2E 32 35 36 0D 0A  605.0   0.256..
000097 00:52:06.125  20 36 30 34 2E 30 20 20 20 30 2E 32 35 37 0D 0A  604.0   0.257..
000098 00:52:06.140  20 36 30 33 2E 30 20 20 20 30 2E 32 35 38 0D 0A  603.0   0.258..
000099 00:52:06.171  20 36 30 32 2E 30 20 20 20 30 2E 32 35 39 0D 0A  602.0   0.259..
000100 00:52:06.187  20 36 30 31 2E 30 20 20 20 30 2E 32 35 39 0D 0A  601.0   0.259..
000101 00:52:06.187  20 36 30 30 2E 30 20 20 20 30 2E 32 36 30 0D 0A  600.0   0.260..
000102 00:52:06.203  20 35 39 39 2E 30 20 20 20 30 2E 32 36 31 0D 0A  599.0   0.261..
000103 00:52:06.218  20 35 39 38 2E 30 20 20 20 30 2E 32 36 31 0D 0A  598.0   0.261..
000104 00:52:06.234  20 35 39 37 2E 30 20 20 20 30 2E 32 36 32 0D 0A  597.0   0.262..
000105 00:52:06.250  20 35 39 36 2E 30 20 20 20 30 2E 32 36 33 0D 0A  596.0   0.263..
000106 00:52:06.281  20 35 39 35 2E 30 20 20 20 30 2E 32 36 34 0D 0A  595.0   0.264..
000107 00:52:06.312  20 35 39 34 2E 30 20 20 20 30 2E 32 36 35 0D 0A  594.0   0.265..
000108 00:52:06.312  20 35 39 33 2E 30 20 20 20 30 2E 32 36 36 0D 0A  593.0   0.266..
000109 00:52:06.328  20 35 39 32 2E 30 20 20 20 30 2E 32 36 36 0D 0A  592.0   0.266..
000110 00:52:06.343  20 35 39 31 2E 30 20 20 20 30 2E 32 36 37 0D 0A  591.0   0.267..
000111 00:52:06.359  20 35 39 30 2E 30 20 20 20 30 2E 32 36 38 0D 0A  590.0   0.268..
000112 00:52:06.375  20 35 38 39 2E 30 20 20 20 30 2E 32 36 39 0D 0A  589.0   0.269..
000113 00:52:06.406  20 35 38 38 2E 30 20 20 20 30 2E 32 37 30 0D 0A  588.0   0.270..
000114 00:52:06.421  20 35 38 37 2E 30 20 20 20 30 2E 32 37 31 0D 0A  587.0   0.271..
000115 00:52:06.437  20 35 38 36 2E 30 20 20 20 30 2E 32 37 31 0D 0A  586.0   0.271..
000116 00:52:06.437  20 35 38 35 2E 30 20 20 20 30 2E 32 37 32 0D 0A  585.0   0.272..
000117 00:52:06.453  20 35 38 34 2E 30 20 20 20 30 2E 32 37 33 0D 0A  584.0   0.273..
000118 00:52:06.468  20 35 38 33 2E 30 20 20 20 30 2E 32 37 34 0D 0A  583.0   0.274..
000119 00:52:06.500  20 35 38 32 2E 30 20 20 20 30 2E 32 37 35 0D 0A  582.0   0.275..
000120 00:52:06.515  20 35 38 31 2E 30 20 20 20 30 2E 32 37 36 0D 0A  581.0   0.276..
000121 00:52:06.531  20 35 38 30 2E 30 20 20 20 30 2E 32 37 37 0D 0A  580.0   0.277..
000122 00:52:06.546  20 35 37 39 2E 30 20 20 20 30 2E 32 37 38 0D 0A  579.0   0.278..
000123 00:52:06.562  20 35 37 38 2E 30 20 20 20 30 2E 32 37 39 0D 0A  578.0   0.279..
000124 00:52:06.578  20 35 37 37 2E 30 20 20 20 30 2E 32 38 30 0D 0A  577.0   0.280..
000125 00:52:06.593  20 35 37 36 2E 30 20 20 20 30 2E 32 38 31 0D 0A  576.0   0.281..
000126 00:52:06.609  20 35 37 35 2E 30 20 20 20 30 2E 32 38 32 0D 0A  575.0   0.282..
000127 00:52:06.640  20 35 37 34 2E 30 20 20 20 30 2E 32 38 33 0D 0A  574.0   0.283..
000128 00:52:06.656  20 35 37 33 2E 30 20 20 20 30 2E 32 38 34 0D 0A  573.0   0.284..
000129 00:52:06.671  20 35 37 32 2E 30 20 20 20 30 2E 32 38 34 0D 0A  572.0   0.284..
000130 00:52:06.687  20 35 37 31 2E 30 20 20 20 30 2E 32 38 35 0D 0A  571.0   0.285..
000131 00:52:06.703  20 35 37 30 2E 30 20 20 20 30 2E 32 38 36 0D 0A  570.0   0.286..
000132 00:52:06.703  20 35 36 39 2E 30 20 20 20 30 2E 32 38 37 0D 0A  569.0   0.287..
000133 00:52:06.718  20 35 36 38 2E 30 20 20 20 30 2E 32 38 38 0D 0A  568.0   0.288..
000134 00:52:06.750  20 35 36 37 2E 30 20 20 20 30 2E 32 38 38 0D 0A  567.0   0.288..
000135 00:52:06.765  20 35 36 36 2E 30 20 20 20 30 2E 32 38 39 0D 0A  566.0   0.289..
000136 00:52:06.781  20 35 36 35 2E 30 20 20 20 30 2E 32 39 31 0D 0A  565.0   0.291..
000137 00:52:06.796  20 35 36 34 2E 30 20 20 20 30 2E 32 39 32 0D 0A  564.0   0.292..
000138 00:52:06.812  20 35 36 33 2E 30 20 20 20 30 2E 32 39 32 0D 0A  563.0   0.292..
000139 00:52:06.828  20 35 36 32 2E 30 20 20 20 30 2E 32 39 33 0D 0A  562.0   0.293..
000140 00:52:06.843  20 35 36 31 2E 30 20 20 20 30 2E 32 39 34 0D 0A  561.0   0.294..
000141 00:52:06.875  20 35 36 30 2E 30 20 20 20 30 2E 32 39 35 0D 0A  560.0   0.295..
000142 00:52:06.890  20 35 35 39 2E 30 20 20 20 30 2E 32 39 36 0D 0A  559.0   0.296..
000143 00:52:06.906  20 35 35 38 2E 30 20 20 20 30 2E 32 39 37 0D 0A  558.0   0.297..
000144 00:52:06.921  20 35 35 37 2E 30 20 20 20 30 2E 32 39 38 0D 0A  557.0   0.298..
000145 00:52:06.937  20 35 35 36 2E 30 20 20 20 30 2E 32 39 39 0D 0A  556.0   0.299..
000146 00:52:06.953  20 35 35 35 2E 30 20 20 20 30 2E 33 30 30 0D 0A  555.0   0.300..
000147 00:52:06.968  20 35 35 34 2E 30 20 20 20 30 2E 33 30 31 0D 0A  554.0   0.301..
000148 00:52:06.984  20 35 35 33 2E 30 20 20 20 30 2E 33 30 32 0D 0A  553.0   0.302..
000149 00:52:07.000  20 35 35 32 2E 30 20 20 20 30 2E 33 30 33 0D 0A  552.0   0.303..
000150 00:52:07.015  20 35 35 31 2E 30 20 20 20 30 2E 33 30 34 0D 0A  551.0   0.304..
000151 00:52:07.031  20 35 35 30 2E 30 20 20 20 30 2E 33 30 35 0D 0A  550.0   0.305..
000152 00:52:07.046  20 35 34 39 2E 30 20 20 20 30 2E 33 30 37 0D 0A  549.0   0.307..
000153 00:52:07.062  20 35 34 38 2E 30 20 20 20 30 2E 33 30 37 0D 0A  548.0   0.307..
000154 00:52:07.078  20 35 34 37 2E 30 20 20 20 30 2E 33 30 38 0D 0A  547.0   0.308..
000155 00:52:07.109  20 35 34 36 2E 30 20 20 20 30 2E 33 31 30 0D 0A  546.0   0.310..
000156 00:52:07.125  20 35 34 35 2E 30 20 20 20 30 2E 33 31 31 0D 0A  545.0   0.311..
000157 00:52:07.140  20 35 34 34 2E 30 20 20 20 30 2E 33 31 32 0D 0A  544.0   0.312..
000158 00:52:07.156  20 35 34 33 2E 30 20 20 20 30 2E 33 31 33 0D 0A  543.0   0.313..
000159 00:52:07.171  20 35 34 32 2E 30 20 20 20 30 2E 33 31 35 0D 0A  542.0   0.315..
000160 00:52:07.187  20 35 34 31 2E 30 20 20 20 30 2E 33 31 36 0D 0A  541.0   0.316..
000161 00:52:07.203  20 35 34 30 2E 30 20 20 20 30 2E 33 31 37 0D 0A  540.0   0.317..
000162 00:52:07.234  20 35 33 39 2E 30 20 20 20 30 2E 33 31 39 0D 0A  539.0   0.319..
000163 00:52:07.234  20 35 33 38 2E 30 20 20 20 30 2E 33 32 30 0D 0A  538.0   0.320..
000164 00:52:07.250  20 35 33 37 2E 30 20 20 20 30 2E 33 32 31 0D 0A  537.0   0.321..
000165 00:52:07.265  20 35 33 36 2E 30 20 20 20 30 2E 33 32 31 0D 0A  536.0   0.321..
000166 00:52:07.281  20 35 33 35 2E 30 20 20 20 30 2E 33 32 32 0D 0A  535.0   0.322..
000167 00:52:07.296  20 35 33 34 2E 30 20 20 20 30 2E 33 32 33 0D 0A  534.0   0.323..
000168 00:52:07.312  20 35 33 33 2E 30 20 20 20 30 2E 33 32 34 0D 0A  533.0   0.324..
000169 00:52:07.343  20 35 33 32 2E 30 20 20 20 30 2E 33 32 35 0D 0A  532.0   0.325..
000170 00:52:07.359  20 35 33 31 2E 30 20 20 20 30 2E 33 32 36 0D 0A  531.0   0.326..
000171 00:52:07.375  20 35 33 30 2E 30 20 20 20 30 2E 33 32 37 0D 0A  530.0   0.327..
000172 00:52:07.390  20 35 32 39 2E 30 20 20 20 30 2E 33 32 38 0D 0A  529.0   0.328..
000173 00:52:07.406  20 35 32 38 2E 30 20 20 20 30 2E 33 32 39 0D 0A  528.0   0.329..
000174 00:52:07.421  20 35 32 37 2E 30 20 20 20 30 2E 33 33 31 0D 0A  527.0   0.331..
000175 00:52:07.437  20 35 32 36 2E 30 20 20 20 30 2E 33 33 31 0D 0A  526.0   0.331..
000176 00:52:07.468  20 35 32 35 2E 30 20 20 20 30 2E 33 33 33 0D 0A  525.0   0.333..
000177 00:52:07.500  20 35 32 34 2E 30 20 20 20 30 2E 33 33 34 0D 0A  524.0   0.334..
000178 00:52:07.500  20 35 32 33 2E 30 20 20 20 30 2E 33 33 35 0D 0A  523.0   0.335..
000179 00:52:07.500  20 35 32 32 2E 30 20 20 20 30 2E 33 33 37 0D 0A  522.0   0.337..
000180 00:52:07.515  20 35 32 31 2E 30 20 20 20 30 2E 33 33 37 0D 0A  521.0   0.337..
000181 00:52:07.531  20 35 32 30 2E 30 20 20 20 30 2E 33 33 38 0D 0A  520.0   0.338..
000182 00:52:07.546  20 35 31 39 2E 30 20 20 20 30 2E 33 34 30 0D 0A  519.0   0.340..
000183 00:52:07.578  20 35 31 38 2E 30 20 20 20 30 2E 33 34 31 0D 0A  518.0   0.341..
000184 00:52:07.593  20 35 31 37 2E 30 20 20 20 30 2E 33 34 32 0D 0A  517.0   0.342..
000185 00:52:07.609  20 35 31 36 2E 30 20 20 20 30 2E 33 34 33 0D 0A  516.0   0.343..
000186 00:52:07.625  20 35 31 35 2E 30 20 20 20 30 2E 33 34 35 0D 0A  515.0   0.345..
000187 00:52:07.640  20 35 31 34 2E 30 20 20 20 30 2E 33 34 36 0D 0A  514.0   0.346..
000188 00:52:07.656  20 35 31 33 2E 30 20 20 20 30 2E 33 34 37 0D 0A  513.0   0.347..
000189 00:52:07.671  20 35 31 32 2E 30 20 20 20 30 2E 33 34 38 0D 0A  512.0   0.348..
000190 00:52:07.703  20 35 31 31 2E 30 20 20 20 30 2E 33 34 39 0D 0A  511.0   0.349..
000191 00:52:07.718  20 35 31 30 2E 30 20 20 20 30 2E 33 35 30 0D 0A  510.0   0.350..
000192 00:52:07.734  20 35 30 39 2E 30 20 20 20 30 2E 33 35 31 0D 0A  509.0   0.351..
000193 00:52:07.750  20 35 30 38 2E 30 20 20 20 30 2E 33 35 32 0D 0A  508.0   0.352..
000194 00:52:07.750  20 35 30 37 2E 30 20 20 20 30 2E 33 35 34 0D 0A  507.0   0.354..
000195 00:52:07.765  20 35 30 36 2E 30 20 20 20 30 2E 33 35 35 0D 0A  506.0   0.355..
000196 00:52:07.781  20 35 30 35 2E 30 20 20 20 30 2E 33 35 36 0D 0A  505.0   0.356..
000197 00:52:07.812  20 35 30 34 2E 30 20 20 20 30 2E 33 35 38 0D 0A  504.0   0.358..
000198 00:52:07.828  20 35 30 33 2E 30 20 20 20 30 2E 33 35 39 0D 0A  503.0   0.359..
000199 00:52:07.843  20 35 30 32 2E 30 20 20 20 30 2E 33 36 30 0D 0A  502.0   0.360..
000200 00:52:07.859  20 35 30 31 2E 30 20 20 20 30 2E 33 36 31 0D 0A  501.0   0.361..
000201 00:52:07.875  20 35 30 30 2E 30 20 20 20 30 2E 33 36 33 0D 0A  500.0   0.363..
000202 00:52:07.937  20 34 39 39 2E 30 20 20 20 30 2E 33 36 34 0D 0A  499.0   0.364..
000203 00:52:07.937  20 34 39 38 2E 30 20 20 20 30 2E 33 36 35 0D 0A  498.0   0.365..
000204 00:52:07.937  20 34 39 37 2E 30 20 20 20 30 2E 33 36 37 0D 0A  497.0   0.367..
000205 00:52:07.953  20 34 39 36 2E 30 20 20 20 30 2E 33 36 38 0D 0A  496.0   0.368..
000206 00:52:07.968  20 34 39 35 2E 30 20 20 20 30 2E 33 36 39 0D 0A  495.0   0.369..
000207 00:52:07.984  20 34 39 34 2E 30 20 20 20 30 2E 33 37 30 0D 0A  494.0   0.370..
000208 00:52:08.000  20 34 39 33 2E 30 20 20 20 30 2E 33 37 30 0D 0A  493.0   0.370..
000209 00:52:08.015  20 34 39 32 2E 30 20 20 20 30 2E 33 37 32 0D 0A  492.0   0.372..
000210 00:52:08.015  20 34 39 31 2E 30 20 20 20 30 2E 33 37 34 0D 0A  491.0   0.374..
000211 00:52:08.046  20 34 39 30 2E 30 20 20 20 30 2E 33 37 35 0D 0A  490.0   0.375..
000212 00:52:08.062  20 34 38 39 2E 30 20 20 20 30 2E 33 37 36 0D 0A  489.0   0.376..
000213 00:52:08.078  20 34 38 38 2E 30 20 20 20 30 2E 33 37 37 0D 0A  488.0   0.377..
000214 00:52:08.093  20 34 38 37 2E 30 20 20 20 30 2E 33 37 39 0D 0A  487.0   0.379..
000215 00:52:08.109  20 34 38 36 2E 30 20 20 20 30 2E 33 38 30 0D 0A  486.0   0.380..
000216 00:52:08.125  20 34 38 35 2E 30 20 20 20 30 2E 33 38 32 0D 0A  485.0   0.382..
000217 00:52:08.140  20 34 38 34 2E 30 20 20 20 30 2E 33 38 33 0D 0A  484.0   0.383..
000218 00:52:08.171  20 34 38 33 2E 30 20 20 20 30 2E 33 38 34 0D 0A  483.0   0.384..
000219 00:52:08.187  20 34 38 32 2E 30 20 20 20 30 2E 33 38 36 0D 0A  482.0   0.386..
000220 00:52:08.203  20 34 38 31 2E 30 20 20 20 30 2E 33 38 37 0D 0A  481.0   0.387..
000221 00:52:08.218  20 34 38 30 2E 30 20 20 20 30 2E 33 38 39 0D 0A  480.0   0.389..
000222 00:52:08.234  20 34 37 39 2E 30 20 20 20 30 2E 33 39 30 0D 0A  479.0   0.390..
000223 00:52:08.250  20 34 37 38 2E 30 20 20 20 30 2E 33 39 31 0D 0A  478.0   0.391..
000224 00:52:08.265  20 34 37 37 2E 30 20 20 20 30 2E 33 39 33 0D 0A  477.0   0.393..
000225 00:52:08.281  20 34 37 36 2E 30 20 20 20 30 2E 33 39 34 0D 0A  476.0   0.394..
000226 00:52:08.296  20 34 37 35 2E 30 20 20 20 30 2E 33 39 35 0D 0A  475.0   0.395..
000227 00:52:08.312  20 34 37 34 2E 30 20 20 20 30 2E 33 39 37 0D 0A  474.0   0.397..
000228 00:52:08.375  20 34 37 33 2E 30 20 20 20 30 2E 33 39 38 0D 0A  473.0   0.398..
000229 00:52:08.375  20 34 37 32 2E 30 20 20 20 30 2E 33 39 39 0D 0A  472.0   0.399..
000230 00:52:08.375  20 34 37 31 2E 30 20 20 20 30 2E 34 30 31 0D 0A  471.0   0.401..
000231 00:52:08.375  20 34 37 30 2E 30 20 20 20 30 2E 34 30 33 0D 0A  470.0   0.403..
000232 00:52:08.406  20 34 36 39 2E 30 20 20 20 30 2E 34 30 34 0D 0A  469.0   0.404..
000233 00:52:08.421  20 34 36 38 2E 30 20 20 20 30 2E 34 30 36 0D 0A  468.0   0.406..
000234 00:52:08.437  20 34 36 37 2E 30 20 20 20 30 2E 34 30 37 0D 0A  467.0   0.407..
000235 00:52:08.453  20 34 36 36 2E 30 20 20 20 30 2E 34 30 39 0D 0A  466.0   0.409..
000236 00:52:08.468  20 34 36 35 2E 30 20 20 20 30 2E 34 31 30 0D 0A  465.0   0.410..
000237 00:52:08.484  20 34 36 34 2E 30 20 20 20 30 2E 34 31 32 0D 0A  464.0   0.412..
000238 00:52:08.500  20 34 36 33 2E 30 20 20 20 30 2E 34 31 33 0D 0A  463.0   0.413..
000239 00:52:08.531  20 34 36 32 2E 30 20 20 20 30 2E 34 31 35 0D 0A  462.0   0.415..
000240 00:52:08.546  20 34 36 31 2E 30 20 20 20 30 2E 34 31 36 0D 0A  461.0   0.416..
000241 00:52:08.562  20 34 36 30 2E 30 20 20 20 30 2E 34 31 38 0D 0A  460.0   0.418..
000242 00:52:08.562  20 34 35 39 2E 30 20 20 20 30 2E 34 32 30 0D 0A  459.0   0.420..
000243 00:52:08.578  20 34 35 38 2E 30 20 20 20 30 2E 34 32 32 0D 0A  458.0   0.422..
000244 00:52:08.593  20 34 35 37 2E 30 20 20 20 30 2E 34 32 34 0D 0A  457.0   0.424..
000245 00:52:08.609  20 34 35 36 2E 30 20 20 20 30 2E 34 32 35 0D 0A  456.0   0.425..
000246 00:52:08.640  20 34 35 35 2E 30 20 20 20 30 2E 34 32 37 0D 0A  455.0   0.427..
000247 00:52:08.656  20 34 35 34 2E 30 20 20 20 30 2E 34 32 38 0D 0A  454.0   0.428..
000248 00:52:08.671  20 34 35 33 2E 30 20 20 20 30 2E 34 33 30 0D 0A  453.0   0.430..
000249 00:52:08.687  20 34 35 32 2E 30 20 20 20 30 2E 34 33 32 0D 0A  452.0   0.432..
000250 00:52:08.703  20 34 35 31 2E 30 20 20 20 30 2E 34 33 34 0D 0A  451.0   0.434..
000251 00:52:08.718  20 34 35 30 2E 30 20 20 20 30 2E 34 33 36 0D 0A  450.0   0.436..
000252 00:52:08.734  20 34 34 39 2E 30 20 20 20 30 2E 34 33 38 0D 0A  449.0   0.438..
000253 00:52:08.765  20 34 34 38 2E 30 20 20 20 30 2E 34 34 30 0D 0A  448.0   0.440..
000254 00:52:08.781  20 34 34 37 2E 30 20 20 20 30 2E 34 34 32 0D 0A  447.0   0.442..
000255 00:52:08.796  20 34 34 36 2E 30 20 20 20 30 2E 34 34 34 0D 0A  446.0   0.444..
000256 00:52:08.796  20 34 34 35 2E 30 20 20 20 30 2E 34 34 36 0D 0A  445.0   0.446..
000257 00:52:08.812  20 34 34 34 2E 30 20 20 20 30 2E 34 34 38 0D 0A  444.0   0.448..
000258 00:52:08.828  20 34 34 33 2E 30 20 20 20 30 2E 34 35 30 0D 0A  443.0   0.450..
000259 00:52:08.843  20 34 34 32 2E 30 20 20 20 30 2E 34 35 32 0D 0A  442.0   0.452..
000260 00:52:08.890  20 34 34 31 2E 30 20 20 20 30 2E 34 35 34 0D 0A  441.0   0.454..
000261 00:52:08.890  20 34 34 30 2E 30 20 20 20 30 2E 34 35 37 0D 0A  440.0   0.457..
000262 00:52:08.906  20 34 33 39 2E 30 20 20 20 30 2E 34 35 39 0D 0A  439.0   0.459..
000263 00:52:08.921  20 34 33 38 2E 30 20 20 20 30 2E 34 36 32 0D 0A  438.0   0.462..
000264 00:52:08.937  20 34 33 37 2E 30 20 20 20 30 2E 34 36 34 0D 0A  437.0   0.464..
000265 00:52:08.953  20 34 33 36 2E 30 20 20 20 30 2E 34 36 36 0D 0A  436.0   0.466..
000266 00:52:08.968  20 34 33 35 2E 30 20 20 20 30 2E 34 36 39 0D 0A  435.0   0.469..
000267 00:52:09.000  20 34 33 34 2E 30 20 20 20 30 2E 34 37 32 0D 0A  434.0   0.472..
000268 00:52:09.031  20 34 33 33 2E 30 20 20 20 30 2E 34 37 35 0D 0A  433.0   0.475..
000269 00:52:09.031  20 34 33 32 2E 30 20 20 20 30 2E 34 37 38 0D 0A  432.0   0.478..
000270 00:52:09.046  20 34 33 31 2E 30 20 20 20 30 2E 34 38 31 0D 0A  431.0   0.481..
000271 00:52:09.062  20 34 33 30 2E 30 20 20 20 30 2E 34 38 34 0D 0A  430.0   0.484..
000272 00:52:09.062  20 34 32 39 2E 30 20 20 20 30 2E 34 38 38 0D 0A  429.0   0.488..
000273 00:52:09.078  20 34 32 38 2E 30 20 20 20 30 2E 34 39 32 0D 0A  428.0   0.492..
000274 00:52:09.109  20 34 32 37 2E 30 20 20 20 30 2E 34 39 36 0D 0A  427.0   0.496..
000275 00:52:09.125  20 34 32 36 2E 30 20 20 20 30 2E 35 30 30 0D 0A  426.0   0.500..
000276 00:52:09.140  20 34 32 35 2E 30 20 20 20 30 2E 35 30 34 0D 0A  425.0   0.504..
000277 00:52:09.156  20 34 32 34 2E 30 20 20 20 30 2E 35 30 39 0D 0A  424.0   0.509..
000278 00:52:09.171  20 34 32 33 2E 30 20 20 20 30 2E 35 31 34 0D 0A  423.0   0.514..
000279 00:52:09.187  20 34 32 32 2E 30 20 20 20 30 2E 35 32 30 0D 0A  422.0   0.520..
000280 00:52:09.203  20 34 32 31 2E 30 20 20 20 30 2E 35 32 35 0D 0A  421.0   0.525..
000281 00:52:09.234  20 34 32 30 2E 30 20 20 20 30 2E 35 33 31 0D 0A  420.0   0.531..
000282 00:52:09.250  20 34 31 39 2E 30 20 20 20 30 2E 35 33 37 0D 0A  419.0   0.537..
000283 00:52:09.265  20 34 31 38 2E 30 20 20 20 30 2E 35 34 34 0D 0A  418.0   0.544..
000284 00:52:09.281  20 34 31 37 2E 30 20 20 20 30 2E 35 35 31 0D 0A  417.0   0.551..
000285 00:52:09.296  20 34 31 36 2E 30 20 20 20 30 2E 35 35 36 0D 0A  416.0   0.556..
000286 00:52:09.312  20 34 31 35 2E 30 20 20 20 30 2E 35 36 31 0D 0A  415.0   0.561..
000287 00:52:09.328  20 34 31 34 2E 30 20 20 20 30 2E 35 36 38 0D 0A  414.0   0.568..
000288 00:52:09.343  20 34 31 33 2E 30 20 20 20 30 2E 35 37 36 0D 0A  413.0   0.576..
000289 00:52:09.359  20 34 31 32 2E 30 20 20 20 30 2E 35 38 33 0D 0A  412.0   0.583..
000290 00:52:09.375  20 34 31 31 2E 30 20 20 20 30 2E 35 39 31 0D 0A  411.0   0.591..
000291 00:52:09.390  20 34 31 30 2E 30 20 20 20 30 2E 35 39 38 0D 0A  410.0   0.598..
000292 00:52:09.406  20 34 30 39 2E 30 20 20 20 30 2E 36 30 34 0D 0A  409.0   0.604..
000293 00:52:09.468  20 34 30 38 2E 30 20 20 20 30 2E 36 31 30 0D 0A  408.0   0.610..
000294 00:52:09.468  20 34 30 37 2E 30 20 20 20 30 2E 36 31 35 0D 0A  407.0   0.615..
000295 00:52:09.468  20 34 30 36 2E 30 20 20 20 30 2E 36 31 39 0D 0A  406.0   0.619..
000296 00:52:09.484  20 34 30 35 2E 30 20 20 20 30 2E 36 32 31 0D 0A  405.0   0.621..
000297 00:52:09.500  20 34 30 34 2E 30 20 20 20 30 2E 36 32 33 0D 0A  404.0   0.623..
000298 00:52:09.515  20 34 30 33 2E 30 20 20 20 30 2E 36 32 34 0D 0A  403.0   0.624..
000299 00:52:09.531  20 34 30 32 2E 30 20 20 20 30 2E 36 32 34 0D 0A  402.0   0.624..
000300 00:52:09.546  20 34 30 31 2E 30 20 20 20 30 2E 36 32 33 0D 0A  401.0   0.623..
000301 00:52:09.562  20 34 30 30 2E 30 20 20 20 30 2E 36 32 32 0D 0A  400.0   0.622..
000302 00:52:09.593  20 33 39 39 2E 30 20 20 20 30 2E 36 32 31 0D 0A  399.0   0.621..
000303 00:52:09.593  20 33 39 38 2E 30 20 20 20 30 2E 36 31 39 0D 0A  398.0   0.619..
000304 00:52:09.609  20 33 39 37 2E 30 20 20 20 30 2E 36 31 37 0D 0A  397.0   0.617..
000305 00:52:09.625  20 33 39 36 2E 30 20 20 20 30 2E 36 31 36 0D 0A  396.0   0.616..
000306 00:52:09.656  20 33 39 35 2E 30 20 20 20 30 2E 36 31 34 0D 0A  395.0   0.614..
000307 00:52:09.656  20 33 39 34 2E 30 20 20 20 30 2E 36 31 33 0D 0A  394.0   0.613..
000308 00:52:09.671  20 33 39 33 2E 30 20 20 20 30 2E 36 31 32 0D 0A  393.0   0.612..
000309 00:52:09.703  20 33 39 32 2E 30 20 20 20 30 2E 36 31 32 0D 0A  392.0   0.612..
000310 00:52:09.718  20 33 39 31 2E 30 20 20 20 30 2E 36 31 31 0D 0A  391.0   0.611..
000311 00:52:09.734  20 33 39 30 2E 30 20 20 20 30 2E 36 31 31 0D 0A  390.0   0.611..
000312 00:52:09.750  20 33 38 39 2E 30 20 20 20 30 2E 36 31 31 0D 0A  389.0   0.611..
000313 00:52:09.765  20 33 38 38 2E 30 20 20 20 30 2E 36 31 31 0D 0A  388.0   0.611..
000314 00:52:09.781  20 33 38 37 2E 30 20 20 20 30 2E 36 31 32 0D 0A  387.0   0.612..
000315 00:52:09.796  20 33 38 36 2E 30 20 20 20 30 2E 36 31 33 0D 0A  386.0   0.613..
000316 00:52:09.828  20 33 38 35 2E 30 20 20 20 30 2E 36 31 33 0D 0A  385.0   0.613..
000317 00:52:09.843  20 33 38 34 2E 30 20 20 20 30 2E 36 31 35 0D 0A  384.0   0.615..
000318 00:52:09.859  20 33 38 33 2E 30 20 20 20 30 2E 36 31 35 0D 0A  383.0   0.615..
000319 00:52:09.875  20 33 38 32 2E 30 20 20 20 30 2E 36 31 36 0D 0A  382.0   0.616..
000320 00:52:09.875  20 33 38 31 2E 30 20 20 20 30 2E 36 31 37 0D 0A  381.0   0.617..
000321 00:52:09.890  20 33 38 30 2E 30 20 20 20 30 2E 36 31 38 0D 0A  380.0   0.618..
000322 00:52:09.906  20 33 37 39 2E 30 20 20 20 30 2E 36 32 30 0D 0A  379.0   0.620..
000323 00:52:09.937  20 33 37 38 2E 30 20 20 20 30 2E 36 32 31 0D 0A  378.0   0.621..
000324 00:52:09.953  20 33 37 37 2E 30 20 20 20 30 2E 36 32 33 0D 0A  377.0   0.623..
000325 00:52:09.968  20 33 37 36 2E 30 20 20 20 30 2E 36 32 34 0D 0A  376.0   0.624..
000326 00:52:10.015  20 33 37 35 2E 30 20 20 20 30 2E 36 32 36 0D 0A  375.0   0.626..
000327 00:52:10.015  20 33 37 34 2E 30 20 20 20 30 2E 36 32 38 0D 0A  374.0   0.628..
000328 00:52:10.015  20 33 37 33 2E 30 20 20 20 30 2E 36 33 30 0D 0A  373.0   0.630..
000329 00:52:10.031  20 33 37 32 2E 30 20 20 20 30 2E 36 33 32 0D 0A  372.0   0.632..
000330 00:52:10.062  20 33 37 31 2E 30 20 20 20 30 2E 36 33 34 0D 0A  371.0   0.634..
000331 00:52:10.078  20 33 37 30 2E 30 20 20 20 30 2E 36 33 36 0D 0A  370.0   0.636..
000332 00:52:10.093  20 33 36 39 2E 30 20 20 20 30 2E 36 33 38 0D 0A  369.0   0.638..
000333 00:52:10.109  20 33 36 38 2E 30 20 20 20 30 2E 36 34 31 0D 0A  368.0   0.641..
000334 00:52:10.109  20 33 36 37 2E 30 20 20 20 30 2E 36 34 34 0D 0A  367.0   0.644..
000335 00:52:10.125  20 33 36 36 2E 30 20 20 20 30 2E 36 34 36 0D 0A  366.0   0.646..
000336 00:52:10.140  20 33 36 35 2E 30 20 20 20 30 2E 36 34 39 0D 0A  365.0   0.649..
000337 00:52:10.171  20 33 36 34 2E 30 20 20 20 30 2E 36 35 31 0D 0A  364.0   0.651..
000338 00:52:10.187  20 33 36 33 2E 30 20 20 20 30 2E 36 35 33 0D 0A  363.0   0.653..
000339 00:52:10.203  20 33 36 32 2E 30 20 20 20 30 2E 36 35 36 0D 0A  362.0   0.656..
000340 00:52:10.218  20 33 36 31 2E 30 20 20 20 30 2E 36 35 39 0D 0A  361.0   0.659..
000341 00:52:10.234  20 33 36 30 2E 30 20 20 20 30 2E 36 36 32 0D 0A  360.0   0.662..
000342 00:52:10.250  20 33 35 39 2E 30 20 20 20 30 2E 36 36 35 0D 0A  359.0   0.665..
000343 00:52:10.265  20 33 35 38 2E 30 20 20 20 30 2E 36 36 37 0D 0A  358.0   0.667..
000344 00:52:10.296  20 33 35 37 2E 30 20 20 20 30 2E 36 37 30 0D 0A  357.0   0.670..
000345 00:52:10.312  20 33 35 36 2E 30 20 20 20 30 2E 36 37 34 0D 0A  356.0   0.674..
000346 00:52:10.328  20 33 35 35 2E 30 20 20 20 30 2E 36 37 37 0D 0A  355.0   0.677..
000347 00:52:10.343  20 33 35 34 2E 30 20 20 20 30 2E 36 38 30 0D 0A  354.0   0.680..
000348 00:52:10.359  20 33 35 33 2E 30 20 20 20 30 2E 36 38 33 0D 0A  353.0   0.683..
000349 00:52:10.375  20 33 35 32 2E 30 20 20 20 30 2E 36 38 36 0D 0A  352.0   0.686..
000350 00:52:10.375  20 33 35 31 2E 30 20 20 20 30 2E 36 38 39 0D 0A  351.0   0.689..
000351 00:52:10.406  20 33 35 30 2E 30 20 20 20 30 2E 36 39 33 0D 0A  350.0   0.693..
000352 00:52:10.421  20 33 34 39 2E 30 20 20 20 30 2E 36 39 37 0D 0A  349.0   0.697..
000353 00:52:10.437  20 33 34 38 2E 30 20 20 20 30 2E 37 30 30 0D 0A  348.0   0.700..
000354 00:52:10.453  20 33 34 37 2E 30 20 20 20 30 2E 37 30 33 0D 0A  347.0   0.703..
000355 00:52:10.468  20 33 34 36 2E 30 20 20 20 30 2E 37 30 37 0D 0A  346.0   0.707..
000356 00:52:10.484  20 33 34 35 2E 30 20 20 20 30 2E 37 31 30 0D 0A  345.0   0.710..
000357 00:52:10.500  20 33 34 34 2E 30 20 20 20 30 2E 37 31 34 0D 0A  344.0   0.714..
000358 00:52:10.531  20 33 34 33 2E 30 20 20 20 30 2E 37 31 38 0D 0A  343.0   0.718..
000359 00:52:10.546  20 33 34 32 2E 30 20 20 20 30 2E 37 32 32 0D 0A  342.0   0.722..
000360 00:52:10.562  20 33 34 31 2E 30 20 20 20 30 2E 37 32 35 0D 0A  341.0   0.725..
000361 00:52:10.578  20 33 34 30 2E 30 20 20 20 30 2E 37 33 38 0D 0A  340.0   0.738..
000362 00:52:10.593  20 33 33 39 2E 30 20 20 20 30 2E 37 34 31 0D 0A  339.0   0.741..
000363 00:52:10.609  20 33 33 38 2E 30 20 20 20 30 2E 37 34 34 0D 0A  338.0   0.744..
000364 00:52:10.625  20 33 33 37 2E 30 20 20 20 30 2E 37 34 38 0D 0A  337.0   0.748..
000365 00:52:10.640  20 33 33 36 2E 30 20 20 20 30 2E 37 35 32 0D 0A  336.0   0.752..
000366 00:52:10.671  20 33 33 35 2E 30 20 20 20 30 2E 37 35 36 0D 0A  335.0   0.756..
000367 00:52:10.671  20 33 33 34 2E 30 20 20 20 30 2E 37 36 30 0D 0A  334.0   0.760..
000368 00:52:10.687  20 33 33 33 2E 30 20 20 20 30 2E 37 36 35 0D 0A  333.0   0.765..
000369 00:52:10.703  20 33 33 32 2E 30 20 20 20 30 2E 37 36 38 0D 0A  332.0   0.768..
000370 00:52:10.718  20 33 33 31 2E 30 20 20 20 30 2E 37 37 33 0D 0A  331.0   0.773..
000371 00:52:10.734  20 33 33 30 2E 30 20 20 20 30 2E 37 37 37 0D 0A  330.0   0.777..
000372 00:52:10.765  20 33 32 39 2E 30 20 20 20 30 2E 37 38 31 0D 0A  329.0   0.781..
000373 00:52:10.781  20 33 32 38 2E 30 20 20 20 30 2E 37 38 35 0D 0A  328.0   0.785..
000374 00:52:10.796  20 33 32 37 2E 30 20 20 20 30 2E 37 39 30 0D 0A  327.0   0.790..
000375 00:52:10.812  20 33 32 36 2E 30 20 20 20 30 2E 37 39 35 0D 0A  326.0   0.795..
000376 00:52:10.828  20 33 32 35 2E 30 20 20 20 30 2E 38 30 30 0D 0A  325.0   0.800..
000377 00:52:10.843  20 33 32 34 2E 30 20 20 20 30 2E 38 30 34 0D 0A  324.0   0.804..
000378 00:52:10.859  20 33 32 33 2E 30 20 20 20 30 2E 38 30 38 0D 0A  323.0   0.808..
000379 00:52:10.890  20 33 32 32 2E 30 20 20 20 30 2E 38 31 33 0D 0A  322.0   0.813..
000380 00:52:10.906  20 33 32 31 2E 30 20 20 20 30 2E 38 31 38 0D 0A  321.0   0.818..
000381 00:52:10.906  20 33 32 30 2E 30 20 20 20 30 2E 38 32 32 0D 0A  320.0   0.822..
000382 00:52:10.921  20 33 31 39 2E 30 20 20 20 30 2E 38 32 38 0D 0A  319.0   0.828..
000383 00:52:10.937  20 33 31 38 2E 30 20 20 20 30 2E 38 33 33 0D 0A  318.0   0.833..
000384 00:52:10.953  20 33 31 37 2E 30 20 20 20 30 2E 38 33 38 0D 0A  317.0   0.838..
000385 00:52:10.968  20 33 31 36 2E 30 20 20 20 30 2E 38 34 34 0D 0A  316.0   0.844..
000386 00:52:11.000  20 33 31 35 2E 30 20 20 20 30 2E 38 35 30 0D 0A  315.0   0.850..
000387 00:52:11.015  20 33 31 34 2E 30 20 20 20 30 2E 38 35 38 0D 0A  314.0   0.858..
000388 00:52:11.031  20 33 31 33 2E 30 20 20 20 30 2E 38 36 35 0D 0A  313.0   0.865..
000389 00:52:11.046  20 33 31 32 2E 30 20 20 20 30 2E 38 37 31 0D 0A  312.0   0.871..
000390 00:52:11.062  20 33 31 31 2E 30 20 20 20 30 2E 38 38 31 0D 0A  311.0   0.881..
000391 00:52:11.078  20 33 31 30 2E 30 20 20 20 30 2E 38 39 31 0D 0A  310.0   0.891..
000392 00:52:11.093  20 33 30 39 2E 30 20 20 20 30 2E 39 30 31 0D 0A  309.0   0.901..
000393 00:52:11.125  20 33 30 38 2E 30 20 20 20 30 2E 39 31 34 0D 0A  308.0   0.914..
000394 00:52:11.140  20 33 30 37 2E 30 20 20 20 30 2E 39 33 30 0D 0A  307.0   0.930..
000395 00:52:11.156  20 33 30 36 2E 30 20 20 20 30 2E 39 36 30 0D 0A  306.0   0.960..
000396 00:52:11.171  20 33 30 35 2E 30 20 20 20 30 2E 39 37 37 0D 0A  305.0   0.977..
000397 00:52:11.171  20 33 30 34 2E 30 20 20 20 31 2E 30 30 33 0D 0A  304.0   1.003..
000398 00:52:11.234  20 33 30 33 2E 30 20 20 20 31 2E 30 33 35 0D 0A  303.0   1.035..
000399 00:52:11.234  20 33 30 32 2E 30 20 20 20 31 2E 30 37 35 0D 0A  302.0   1.075..
000400 00:52:11.234  20 33 30 31 2E 30 20 20 20 31 2E 31 31 39 0D 0A  301.0   1.119..
000401 00:52:11.250  20 33 30 30 2E 30 20 20 20 31 2E 31 37 30 0D 0A  300.0   1.170..
000402 00:52:11.265  20 32 39 39 2E 30 20 20 20 31 2E 32 33 31 0D 0A  299.0   1.231..
000403 00:52:11.281  20 32 39 38 2E 30 20 20 20 31 2E 33 30 34 0D 0A  298.0   1.304..
000404 00:52:11.296  20 32 39 37 2E 30 20 20 20 31 2E 33 38 30 0D 0A  297.0   1.380..
000405 00:52:11.312  20 32 39 36 2E 30 20 20 20 31 2E 34 37 30 0D 0A  296.0   1.470..
000406 00:52:11.328  20 32 39 35 2E 30 20 20 20 31 2E 35 38 32 0D 0A  295.0   1.582..
000407 00:52:11.359  20 32 39 34 2E 30 20 20 20 31 2E 37 31 30 0D 0A  294.0   1.710..
000408 00:52:11.375  20 32 39 33 2E 30 20 20 20 31 2E 38 34 33 0D 0A  293.0   1.843..
000409 00:52:11.390  20 32 39 32 2E 30 20 20 20 31 2E 39 38 37 0D 0A  292.0   1.987..
000410 00:52:11.406  20 32 39 31 2E 30 20 20 20 32 2E 31 34 36 0D 0A  291.0   2.146..
000411 00:52:11.421  20 32 39 30 2E 30 20 20 20 32 2E 32 38 39 0D 0A  290.0   2.289..
000412 00:52:11.421  20 32 38 39 2E 30 20 20 20 32 2E 34 32 37 0D 0A  289.0   2.427..
000413 00:52:11.437  20 32 38 38 2E 30 20 20 20 32 2E 35 35 32 0D 0A  288.0   2.552..
000414 00:52:11.468  20 32 38 37 2E 30 20 20 20 32 2E 37 32 39 0D 0A  287.0   2.729..
000415 00:52:11.484  20 32 38 36 2E 30 20 20 20 32 2E 38 31 30 0D 0A  286.0   2.810..
000416 00:52:11.500  20 32 38 35 2E 30 20 20 20 32 2E 39 36 38 0D 0A  285.0   2.968..
000417 00:52:11.515  20 32 38 34 2E 30 20 20 20 33 2E 30 33 38 0D 0A  284.0   3.038..
000418 00:52:11.531  20 32 38 33 2E 30 20 20 20 33 2E 32 31 38 0D 0A  283.0   3.218..
000419 00:52:11.546  20 32 38 32 2E 30 20 20 20 33 2E 32 32 31 0D 0A  282.0   3.221..
000420 00:52:11.562  20 32 38 31 2E 30 20 20 20 33 2E 33 35 30 0D 0A  281.0   3.350..
000421 00:52:11.593  20 32 38 30 2E 30 20 20 20 33 2E 33 35 35 0D 0A  280.0   3.355..
000422 00:52:11.609  20 32 37 39 2E 30 20 20 20 33 2E 33 35 39 0D 0A  279.0   3.359..
000423 00:52:11.625  20 32 37 38 2E 30 20 20 20 33 2E 33 36 34 0D 0A  278.0   3.364..
000424 00:52:11.640  20 32 37 37 2E 30 20 20 20 33 2E 33 36 38 0D 0A  277.0   3.368..
000425 00:52:11.656  20 32 37 36 2E 30 20 20 20 33 2E 33 37 34 0D 0A  276.0   3.374..
000426 00:52:11.671  20 32 37 35 2E 30 20 20 20 33 2E 32 35 35 0D 0A  275.0   3.255..
000427 00:52:11.687  20 32 37 34 2E 30 20 20 20 33 2E 33 38 37 0D 0A  274.0   3.387..
000428 00:52:11.703  20 32 37 33 2E 30 20 20 20 33 2E 33 39 34 0D 0A  273.0   3.394..
000429 00:52:11.718  20 32 37 32 2E 30 20 20 20 33 2E 32 37 37 0D 0A  272.0   3.277..
000430 00:52:11.734  20 32 37 31 2E 30 20 20 20 33 2E 32 38 36 0D 0A  271.0   3.286..
000431 00:52:11.765  20 32 37 30 2E 30 20 20 20 33 2E 31 39 38 0D 0A  270.0   3.198..
000432 00:52:11.765  20 32 36 39 2E 30 20 20 20 33 2E 31 32 39 0D 0A  269.0   3.129..
000433 00:52:11.781  20 32 36 38 2E 30 20 20 20 33 2E 30 37 34 0D 0A  268.0   3.074..
000434 00:52:11.796  20 32 36 37 2E 30 20 20 20 33 2E 30 32 38 0D 0A  267.0   3.028..
000435 00:52:11.828  20 32 36 36 2E 30 20 20 20 32 2E 39 38 39 0D 0A  266.0   2.989..
000436 00:52:11.843  20 32 36 35 2E 30 20 20 20 32 2E 38 37 36 0D 0A  265.0   2.876..
000437 00:52:11.859  20 32 36 34 2E 30 20 20 20 32 2E 38 32 32 0D 0A  264.0   2.822..
000438 00:52:11.875  20 32 36 33 2E 30 20 20 20 32 2E 37 37 37 0D 0A  263.0   2.777..
000439 00:52:11.890  20 32 36 32 2E 30 20 20 20 32 2E 37 31 34 0D 0A  262.0   2.714..
000440 00:52:11.906  20 32 36 31 2E 30 20 20 20 32 2E 36 36 32 0D 0A  261.0   2.662..
000441 00:52:11.921  20 32 36 30 2E 30 20 20 20 32 2E 36 31 39 0D 0A  260.0   2.619..
000442 00:52:11.953  20 32 35 39 2E 30 20 20 20 32 2E 35 36 37 0D 0A  259.0   2.567..
000443 00:52:11.953  20 32 35 38 2E 30 20 20 20 32 2E 35 33 35 0D 0A  258.0   2.535..
000444 00:52:11.984  20 32 35 37 2E 30 20 20 20 32 2E 34 39 34 0D 0A  257.0   2.494..
000445 00:52:11.984  20 32 35 36 2E 30 20 20 20 32 2E 34 35 39 0D 0A  256.0   2.459..
000446 00:52:12.000  20 32 35 35 2E 30 20 20 20 32 2E 34 32 39 0D 0A  255.0   2.429..
000447 00:52:12.015  20 32 35 34 2E 30 20 20 20 32 2E 34 34 30 0D 0A  254.0   2.440..
000448 00:52:12.031  20 32 35 33 2E 30 20 20 20 32 2E 34 31 33 0D 0A  253.0   2.413..
000449 00:52:12.062  20 32 35 32 2E 30 20 20 20 32 2E 34 32 33 0D 0A  252.0   2.423..
000450 00:52:12.093  20 32 35 31 2E 30 20 20 20 32 2E 34 37 33 0D 0A  251.0   2.473..
000451 00:52:12.093  20 32 35 30 2E 30 20 20 20 32 2E 34 38 33 0D 0A  250.0   2.483..
000452 00:52:12.109  20 32 34 39 2E 30 20 20 20 32 2E 35 33 34 0D 0A  249.0   2.534..
000453 00:52:12.125  20 32 34 38 2E 30 20 20 20 32 2E 35 34 34 0D 0A  248.0   2.544..
000454 00:52:12.140  20 32 34 37 2E 30 20 20 20 32 2E 36 35 31 0D 0A  247.0   2.651..
000455 00:52:12.156  20 32 34 36 2E 30 20 20 20 32 2E 37 31 39 0D 0A  246.0   2.719..
000456 00:52:12.187  20 32 34 35 2E 30 20 20 20 32 2E 38 37 34 0D 0A  245.0   2.874..
000457 00:52:12.203  20 32 34 34 2E 30 20 20 20 32 2E 39 37 39 0D 0A  244.0   2.979..
000458 00:52:12.218  20 32 34 33 2E 30 20 20 20 33 2E 32 38 38 0D 0A  243.0   3.288..
000459 00:52:12.218  20 32 34 32 2E 30 20 20 20 33 2E 32 39 36 0D 0A  242.0   3.296..
000460 00:52:12.234  20 32 34 31 2E 30 20 20 20 34 2E 30 30 30 0D 0A  241.0   4.000..
000461 00:52:12.250  20 32 34 30 2E 30 20 20 20 34 2E 30 30 30 0D 0A  240.0   4.000..
000462 00:52:12.265  20 32 33 39 2E 30 20 20 20 34 2E 30 30 30 0D 0A  239.0   4.000..
000463 00:52:12.296  20 32 33 38 2E 30 20 20 20 34 2E 30 30 30 0D 0A  238.0   4.000..
000464 00:52:12.312  20 32 33 37 2E 30 20 20 20 34 2E 30 30 30 0D 0A  237.0   4.000..
000465 00:52:12.328  20 32 33 36 2E 30 20 20 20 34 2E 30 30 30 0D 0A  236.0   4.000..
000466 00:52:12.343  20 32 33 35 2E 30 20 20 20 34 2E 30 30 30 0D 0A  235.0   4.000..
000467 00:52:12.359  20 32 33 34 2E 30 20 20 20 34 2E 30 30 30 0D 0A  234.0   4.000..
000468 00:52:12.375  20 32 33 33 2E 30 20 20 20 34 2E 30 30 30 0D 0A  233.0   4.000..
000469 00:52:12.390  20 32 33 32 2E 30 20 20 20 34 2E 30 30 30 0D 0A  232.0   4.000..
000470 00:52:12.453  20 32 33 31 2E 30 20 20 20 34 2E 30 30 30 0D 0A  231.0   4.000..
000471 00:52:12.453  20 32 33 30 2E 30 20 20 20 34 2E 30 30 30 0D 0A  230.0   4.000..
000472 00:52:12.453  20 32 32 39 2E 30 20 20 20 34 2E 30 30 30 0D 0A  229.0   4.000..
000473 00:52:12.468  20 32 32 38 2E 30 20 20 20 34 2E 30 30 30 0D 0A  228.0   4.000..
000474 00:52:12.468  20 32 32 37 2E 30 20 20 20 34 2E 30 30 30 0D 0A  227.0   4.000..
000475 00:52:12.484  20 32 32 36 2E 30 20 20 20 34 2E 30 30 30 0D 0A  226.0   4.000..
000476 00:52:12.500  20 32 32 35 2E 30 20 20 20 34 2E 30 30 30 0D 0A  225.0   4.000..
000477 00:52:12.531  20 32 32 34 2E 30 20 20 20 34 2E 30 30 30 0D 0A  224.0   4.000..
000478 00:52:12.546  20 32 32 33 2E 30 20 20 20 34 2E 30 30 30 0D 0A  223.0   4.000..
000479 00:52:12.562  20 32 32 32 2E 30 20 20 20 34 2E 30 30 30 0D 0A  222.0   4.000..
000480 00:52:12.578  20 32 32 31 2E 30 20 20 20 34 2E 30 30 30 0D 0A  221.0   4.000..
000481 00:52:12.593  20 32 32 30 2E 30 20 20 20 34 2E 30 30 30 0D 0A  220.0   4.000..
000482 00:52:12.609  20 32 31 39 2E 30 20 20 20 34 2E 30 30 30 0D 0A  219.0   4.000..
000483 00:52:12.625  20 32 31 38 2E 30 20 20 20 34 2E 30 30 30 0D 0A  218.0   4.000..
000484 00:52:12.656  20 32 31 37 2E 30 20 20 20 34 2E 30 30 30 0D 0A  217.0   4.000..
000485 00:52:12.671  20 32 31 36 2E 30 20 20 20 34 2E 30 30 30 0D 0A  216.0   4.000..
000486 00:52:12.687  20 32 31 35 2E 30 20 20 20 34 2E 30 30 30 0D 0A  215.0   4.000..
000487 00:52:12.703  20 32 31 34 2E 30 20 20 20 34 2E 30 30 30 0D 0A  214.0   4.000..
000488 00:52:12.718  20 32 31 33 2E 30 20 20 20 34 2E 30 30 30 0D 0A  213.0   4.000..
000489 00:52:12.734  20 32 31 32 2E 30 20 20 20 34 2E 30 30 30 0D 0A  212.0   4.000..
000490 00:52:12.734  20 32 31 31 2E 30 20 20 20 34 2E 30 30 30 0D 0A  211.0   4.000..
000491 00:52:12.765  20 32 31 30 2E 30 20 20 20 33 2E 39 33 31 0D 0A  210.0   3.931..
000492 00:52:12.781  20 32 30 39 2E 30 20 20 20 34 2E 30 30 30 0D 0A  209.0   4.000..
000493 00:52:12.796  20 32 30 38 2E 30 20 20 20 34 2E 30 30 30 0D 0A  208.0   4.000..
000494 00:52:12.812  20 32 30 37 2E 30 20 20 20 33 2E 38 34 35 0D 0A  207.0   3.845..
000495 00:52:12.828  20 32 30 36 2E 30 20 20 20 34 2E 30 30 30 0D 0A  206.0   4.000..
000496 00:52:12.843  20 32 30 35 2E 30 20 20 20 33 2E 37 37 32 0D 0A  205.0   3.772..
000497 00:52:12.875  20 32 30 34 2E 30 20 20 20 34 2E 30 30 30 0D 0A  204.0   4.000..
000498 00:52:12.890  20 32 30 33 2E 30 20 20 20 34 2E 30 30 30 0D 0A  203.0   4.000..
000499 00:52:12.906  20 32 30 32 2E 30 20 20 20 34 2E 30 30 30 0D 0A  202.0   4.000..
000500 00:52:12.921  20 32 30 31 2E 30 20 20 20 33 2E 35 39 30 0D 0A  201.0   3.590..
000501 00:52:12.937  20 32 30 30 2E 30 20 20 20 34 2E 30 30 30 0D 0A  200.0   4.000..
000502 00:52:12.953  20 31 39 39 2E 30 20 20 20 34 2E 30 30 30 0D 0A  199.0   4.000..
000503 00:52:12.968  20 31 39 38 2E 30 20 20 20 33 2E 34 32 38 0D 0A  198.0   3.428..
000504 00:52:12.984  20 31 39 37 2E 30 20 20 20 33 2E 39 36 38 0D 0A  197.0   3.968..
000505 00:52:13.000  20 31 39 36 2E 30 20 20 20 34 2E 30 30 30 0D 0A  196.0   4.000..
000506 00:52:13.015  20 31 39 35 2E 30 20 20 20 34 2E 30 30 30 0D 0A  195.0   4.000..
000507 00:52:13.031  20 31 39 34 2E 30 20 20 20 34 2E 30 30 30 0D 0A  194.0   4.000..
000508 00:52:13.046  20 31 39 33 2E 30 20 20 20 33 2E 37 30 38 0D 0A  193.0   3.708..
000509 00:52:13.062  20 31 39 32 2E 30 20 20 20 34 2E 30 30 30 0D 0A  192.0   4.000..
000510 00:52:13.078  20 31 39 31 2E 30 20 20 20 34 2E 30 30 30 0D 0A  191.0   4.000..
000511 00:52:13.093  20 31 39 30 2E 30 20 20 20 33 2E 34 30 38 0D 0A  190.0   3.408..
000512 00:52:13.109  1A                                              .
