000001 00:56:01.859  20 37 30 30 2E 30 20 20 20 30 2E 32 31 38 0D 0A  700.0   0.218..
000002 00:56:01.875  20 36 39 39 2E 30 20 20 20 30 2E 32 31 38 0D 0A  699.0   0.218..
000003 00:56:01.906  20 36 39 38 2E 30 20 20 20 30 2E 32 31 39 0D 0A  698.0   0.219..
000004 00:56:01.906  20 36 39 37 2E 30 20 20 20 30 2E 32 31 39 0D 0A  697.0   0.219..
000005 00:56:01.921  20 36 39 36 2E 30 20 20 20 30 2E 32 32 30 0D 0A  696.0   0.220..
000006 00:56:01.937  20 36 39 35 2E 30 20 20 20 30 2E 32 32 30 0D 0A  695.0   0.220..
000007 00:56:01.953  20 36 39 34 2E 30 20 20 20 30 2E 32 32 31 0D 0A  694.0   0.221..
000008 00:56:01.984  20 36 39 33 2E 30 20 20 20 30 2E 32 32 32 0D 0A  693.0   0.222..
000009 00:56:02.015  20 36 39 32 2E 30 20 20 20 30 2E 32 32 32 0D 0A  692.0   0.222..
000010 00:56:02.015  20 36 39 31 2E 30 20 20 20 30 2E 32 32 33 0D 0A  691.0   0.223..
000011 00:56:02.015  20 36 39 30 2E 30 20 20 20 30 2E 32 32 33 0D 0A  690.0   0.223..
000012 00:56:02.031  20 36 38 39 2E 30 20 20 20 30 2E 32 32 34 0D 0A  689.0   0.224..
000013 00:56:02.046  20 36 38 38 2E 30 20 20 20 30 2E 32 32 34 0D 0A  688.0   0.224..
000014 00:56:02.062  20 36 38 37 2E 30 20 20 20 30 2E 32 32 35 0D 0A  687.0   0.225..
000015 00:56:02.093  20 36 38 36 2E 30 20 20 20 30 2E 32 32 35 0D 0A  686.0   0.225..
000016 00:56:02.109  20 36 38 35 2E 30 20 20 20 30 2E 32 32 36 0D 0A  685.0   0.226..
000017 00:56:02.125  20 36 38 34 2E 30 20 20 20 30 2E 32 32 37 0D 0A  684.0   0.227..
000018 00:56:02.140  20 36 38 33 2E 30 20 20 20 30 2E 32 32 37 0D 0A  683.0   0.227..
000019 00:56:02.156  20 36 38 32 2E 30 20 20 20 30 2E 32 32 38 0D 0A  682.0   0.228..
000020 00:56:02.171  20 36 38 31 2E 30 20 20 20 30 2E 32 32 38 0D 0A  681.0   0.228..
000021 00:56:02.187  20 36 38 30 2E 30 20 20 20 30 2E 32 32 39 0D 0A  680.0   0.229..
000022 00:56:02.218  20 36 37 39 2E 30 20 20 20 30 2E 32 33 30 0D 0A  679.0   0.230..
000023 00:56:02.234  20 36 37 38 2E 30 20 20 20 30 2E 32 33 30 0D 0A  678.0   0.230..
000024 00:56:02.250  20 36 37 37 2E 30 20 20 20 30 2E 32 33 31 0D 0A  677.0   0.231..
000025 00:56:02.265  20 36 37 36 2E 30 20 20 20 30 2E 32 33 31 0D 0A  676.0   0.231..
000026 00:56:02.265  20 36 37 35 2E 30 20 20 20 30 2E 32 33 31 0D 0A  675.0   0.231..
000027 00:56:02.281  20 36 37 34 2E 30 20 20 20 30 2E 32 33 32 0D 0A  674.0   0.232..
000028 00:56:02.296  20 36 37 33 2E 30 20 20 20 30 2E 32 33 32 0D 0A  673.0   0.232..
000029 00:56:02.328  20 36 37 32 2E 30 20 20 20 30 2E 32 33 33 0D 0A  672.0   0.233..
000030 00:56:02.343  20 36 37 31 2E 30 20 20 20 30 2E 32 33 34 0D 0A  671.0   0.234..
000031 00:56:02.359  20 36 37 30 2E 30 20 20 20 30 2E 32 33 34 0D 0A  670.0   0.234..
000032 00:56:02.375  20 36 36 39 2E 30 20 20 20 30 2E 32 33 35 0D 0A  669.0   0.235..
000033 00:56:02.390  20 36 36 38 2E 30 20 20 20 30 2E 32 33 36 0D 0A  668.0   0.236..
000034 00:56:02.406  20 36 36 37 2E 30 20 20 20 30 2E 32 33 37 0D 0A  667.0   0.237..
000035 00:56:02.421  20 36 36 36 2E 30 20 20 20 30 2E 32 33 37 0D 0A  666.0   0.237..
000036 00:56:02.453  20 36 36 35 2E 30 20 20 20 30 2E 32 33 38 0D 0A  665.0   0.238..
000037 00:56:02.468  20 36 36 34 2E 30 20 20 20 30 2E 32 33 39 0D 0A  664.0   0.239..
000038 00:56:02.484  20 36 36 33 2E 30 20 20 20 30 2E 32 33 39 0D 0A  663.0   0.239..
000039 00:56:02.500  20 36 36 32 2E 30 20 20 20 30 2E 32 34 30 0D 0A  662.0   0.240..
000040 00:56:02.515  20 36 36 31 2E 30 20 20 20 30 2E 32 34 30 0D 0A  661.0   0.240..
000041 00:56:02.531  20 36 36 30 2E 30 20 20 20 30 2E 32 34 31 0D 0A  660.0   0.241..
000042 00:56:02.562  20 36 35 39 2E 30 20 20 20 30 2E 32 34 31 0D 0A  659.0   0.241..
000043 00:56:02.562  20 36 35 38 2E 30 20 20 20 30 2E 32 34 32 0D 0A  658.0   0.242..
000044 00:56:02.578  20 36 35 37 2E 30 20 20 20 30 2E 32 34 33 0D 0A  657.0   0.243..
000045 00:56:02.593  20 36 35 36 2E 30 20 20 20 30 2E 32 34 33 0D 0A  656.0   0.243..
000046 00:56:02.609  20 36 35 35 2E 30 20 20 20 30 2E 32 34 34 0D 0A  655.0   0.244..
000047 00:56:02.625  20 36 35 34 2E 30 20 20 20 30 2E 32 34 35 0D 0A  654.0   0.245..
000048 00:56:02.640  20 36 35 33 2E 30 20 20 20 30 2E 32 34 35 0D 0A  653.0   0.245..
000049 00:56:02.656  20 36 35 32 2E 30 20 20 20 30 2E 32 34 36 0D 0A  652.0   0.246..
000050 00:56:02.687  20 36 35 31 2E 30 20 20 20 30 2E 32 34 37 0D 0A  651.0   0.247..
000051 00:56:02.703  20 36 35 30 2E 30 20 20 20 30 2E 32 34 38 0D 0A  650.0   0.248..
000052 00:56:02.718  20 36 34 39 2E 30 20 20 20 30 2E 32 34 38 0D 0A  649.0   0.248..
000053 00:56:02.734  20 36 34 38 2E 30 20 20 20 30 2E 32 34 39 0D 0A  648.0   0.249..
000054 00:56:02.750  20 36 34 37 2E 30 20 20 20 30 2E 32 35 30 0D 0A  647.0   0.250..
000055 00:56:02.765  20 36 34 36 2E 30 20 20 20 30 2E 32 35 31 0D 0A  646.0   0.251..
000056 00:56:02.781  20 36 34 35 2E 30 20 20 20 30 2E 32 35 32 0D 0A  645.0   0.252..
000057 00:56:02.796  20 36 34 34 2E 30 20 20 20 30 2E 32 35 32 0D 0A  644.0   0.252..
000058 00:56:02.812  20 36 34 33 2E 30 20 20 20 30 2E 32 35 33 0D 0A  643.0   0.253..
000059 00:56:02.828  20 36 34 32 2E 30 20 20 20 30 2E 32 35 34 0D 0A  642.0   0.254..
000060 00:56:02.843  20 36 34 31 2E 30 20 20 20 30 2E 32 35 34 0D 0A  641.0   0.254..
000061 00:56:02.859  20 36 34 30 2E 30 20 20 20 30 2E 32 35 35 0D 0A  640.0   0.255..
000062 00:56:02.875  20 36 33 39 2E 30 20 20 20 30 2E 32 35 35 0D 0A  639.0   0.255..
000063 00:56:02.890  20 36 33 38 2E 30 20 20 20 30 2E 32 35 36 0D 0A  638.0   0.256..
000064 00:56:02.921  20 36 33 37 2E 30 20 20 20 30 2E 32 35 37 0D 0A  637.0   0.257..
000065 00:56:02.937  20 36 33 36 2E 30 20 20 20 30 2E 32 35 39 0D 0A  636.0   0.259..
000066 00:56:02.953  20 36 33 35 2E 30 20 20 20 30 2E 32 36 30 0D 0A  635.0   0.260..
000067 00:56:02.968  20 36 33 34 2E 30 20 20 20 30 2E 32 36 31 0D 0A  634.0   0.261..
000068 00:56:02.984  20 36 33 33 2E 30 20 20 20 30 2E 32 36 31 0D 0A  633.0   0.261..
000069 00:56:03.000  20 36 33 32 2E 30 20 20 20 30 2E 32 36 32 0D 0A  632.0   0.262..
000070 00:56:03.015  20 36 33 31 2E 30 20 20 20 30 2E 32 36 32 0D 0A  631.0   0.262..
000071 00:56:03.046  20 36 33 30 2E 30 20 20 20 30 2E 32 36 33 0D 0A  630.0   0.263..
000072 00:56:03.062  20 36 32 39 2E 30 20 20 20 30 2E 32 36 33 0D 0A  629.0   0.263..
000073 00:56:03.078  20 36 32 38 2E 30 20 20 20 30 2E 32 36 34 0D 0A  628.0   0.264..
000074 00:56:03.109  20 36 32 37 2E 30 20 20 20 30 2E 32 36 35 0D 0A  627.0   0.265..
000075 00:56:03.109  20 36 32 36 2E 30 20 20 20 30 2E 32 36 36 0D 0A  626.0   0.266..
000076 00:56:03.109  20 36 32 35 2E 30 20 20 20 30 2E 32 36 36 0D 0A  625.0   0.266..
000077 00:56:03.125  20 36 32 34 2E 30 20 20 20 30 2E 32 36 37 0D 0A  624.0   0.267..
000078 00:56:03.156  20 36 32 33 2E 30 20 20 20 30 2E 32 36 38 0D 0A  623.0   0.268..
000079 00:56:03.171  20 36 32 32 2E 30 20 20 20 30 2E 32 36 38 0D 0A  622.0   0.268..
000080 00:56:03.187  20 36 32 31 2E 30 20 20 20 30 2E 32 36 39 0D 0A  621.0   0.269..
000081 00:56:03.203  20 36 32 30 2E 30 20 20 20 30 2E 32 37 30 0D 0A  620.0   0.270..
000082 00:56:03.218  20 36 31 39 2E 30 20 20 20 30 2E 32 37 30 0D 0A  619.0   0.270..
000083 00:56:03.234  20 36 31 38 2E 30 20 20 20 30 2E 32 37 31 0D 0A  618.0   0.271..
000084 00:56:03.250  20 36 31 37 2E 30 20 20 20 30 2E 32 37 32 0D 0A  617.0   0.272..
000085 00:56:03.281  20 36 31 36 2E 30 20 20 20 30 2E 32 37 32 0D 0A  616.0   0.272..
000086 00:56:03.296  20 36 31 35 2E 30 20 20 20 30 2E 32 37 33 0D 0A  615.0   0.273..
000087 00:56:03.312  20 36 31 34 2E 30 20 20 20 30 2E 32 37 34 0D 0A  614.0   0.274..
000088 00:56:03.312  20 36 31 33 2E 30 20 20 20 30 2E 32 37 34 0D 0A  613.0   0.274..
000089 00:56:03.328  20 36 31 32 2E 30 20 20 20 30 2E 32 37 35 0D 0A  612.0   0.275..
000090 00:56:03.343  20 36 31 31 2E 30 20 20 20 30 2E 32 37 36 0D 0A  611.0   0.276..
000091 00:56:03.359  20 36 31 30 2E 30 20 20 20 30 2E 32 37 37 0D 0A  610.0   0.277..
000092 00:56:03.390  20 36 30 39 2E 30 20 20 20 30 2E 32 37 37 0D 0A  609.0   0.277..
000093 00:56:03.406  20 36 30 38 2E 30 20 20 20 30 2E 32 37 38 0D 0A  608.0   0.278..
000094 00:56:03.421  20 36 30 37 2E 30 20 20 20 30 2E 32 37 38 0D 0A  607.0   0.278..
000095 00:56:03.437  20 36 30 36 2E 30 20 20 20 30 2E 32 37 39 0D 0A  606.0   0.279..
000096 00:56:03.453  20 36 30 35 2E 30 20 20 20 30 2E 32 38 30 0D 0A  605.0   0.280..
000097 00:56:03.468  20 36 30 34 2E 30 20 20 20 30 2E 32 38 31 0D 0A  604.0   0.281..
000098 00:56:03.484  20 36 30 33 2E 30 20 20 20 30 2E 32 38 32 0D 0A  603.0   0.282..
000099 00:56:03.515  20 36 30 32 2E 30 20 20 20 30 2E 32 38 32 0D 0A  602.0   0.282..
000100 00:56:03.531  20 36 30 31 2E 30 20 20 20 30 2E 32 38 33 0D 0A  601.0   0.283..
000101 00:56:03.546  20 36 30 30 2E 30 20 20 20 30 2E 32 38 34 0D 0A  600.0   0.284..
000102 00:56:03.562  20 35 39 39 2E 30 20 20 20 30 2E 32 38 35 0D 0A  599.0   0.285..
000103 00:56:03.578  20 35 39 38 2E 30 20 20 20 30 2E 32 38 35 0D 0A  598.0   0.285..
000104 00:56:03.578  20 35 39 37 2E 30 20 20 20 30 2E 32 38 36 0D 0A  597.0   0.286..
000105 00:56:03.593  20 35 39 36 2E 30 20 20 20 30 2E 32 38 37 0D 0A  596.0   0.287..
000106 00:56:03.625  20 35 39 35 2E 30 20 20 20 30 2E 32 38 37 0D 0A  595.0   0.287..
000107 00:56:03.640  20 35 39 34 2E 30 20 20 20 30 2E 32 38 38 0D 0A  594.0   0.288..
000108 00:56:03.656  20 35 39 33 2E 30 20 20 20 30 2E 32 38 39 0D 0A  593.0   0.289..
000109 00:56:03.671  20 35 39 32 2E 30 20 20 20 30 2E 32 39 30 0D 0A  592.0   0.290..
000110 00:56:03.687  20 35 39 31 2E 30 20 20 20 30 2E 32 39 31 0D 0A  591.0   0.291..
000111 00:56:03.703  20 35 39 30 2E 30 20 20 20 30 2E 32 39 31 0D 0A  590.0   0.291..
000112 00:56:03.718  20 35 38 39 2E 30 20 20 20 30 2E 32 39 32 0D 0A  589.0   0.292..
000113 00:56:03.750  20 35 38 38 2E 30 20 20 20 30 2E 32 39 33 0D 0A  588.0   0.293..
000114 00:56:03.765  20 35 38 37 2E 30 20 20 20 30 2E 32 39 34 0D 0A  587.0   0.294..
000115 00:56:03.781  20 35 38 36 2E 30 20 20 20 30 2E 32 39 35 0D 0A  586.0   0.295..
000116 00:56:03.796  20 35 38 35 2E 30 20 20 20 30 2E 32 39 36 0D 0A  585.0   0.296..
000117 00:56:03.812  20 35 38 34 2E 30 20 20 20 30 2E 32 39 37 0D 0A  584.0   0.297..
000118 00:56:03.828  20 35 38 33 2E 30 20 20 20 30 2E 32 39 37 0D 0A  583.0   0.297..
000119 00:56:03.843  20 35 38 32 2E 30 20 20 20 30 2E 32 39 38 0D 0A  582.0   0.298..
000120 00:56:03.859  20 35 38 31 2E 30 20 20 20 30 2E 32 39 39 0D 0A  581.0   0.299..
000121 00:56:03.875  20 35 38 30 2E 30 20 20 20 30 2E 33 30 30 0D 0A  580.0   0.300..
000122 00:56:03.890  20 35 37 39 2E 30 20 20 20 30 2E 33 30 31 0D 0A  579.0   0.301..
000123 00:56:03.906  20 35 37 38 2E 30 20 20 20 30 2E 33 30 32 0D 0A  578.0   0.302..
000124 00:56:03.921  20 35 37 37 2E 30 20 20 20 30 2E 33 30 33 0D 0A  577.0   0.303..
000125 00:56:03.937  20 35 37 36 2E 30 20 20 20 30 2E 33 30 34 0D 0A  576.0   0.304..
000126 00:56:03.953  20 35 37 35 2E 30 20 20 20 30 2E 33 30 35 0D 0A  575.0   0.305..
000127 00:56:03.984  20 35 37 34 2E 30 20 20 20 30 2E 33 30 35 0D 0A  574.0   0.305..
000128 00:56:04.000  20 35 37 33 2E 30 20 20 20 30 2E 33 30 36 0D 0A  573.0   0.306..
000129 00:56:04.015  20 35 37 32 2E 30 20 20 20 30 2E 33 30 37 0D 0A  572.0   0.307..
000130 00:56:04.031  20 35 37 31 2E 30 20 20 20 30 2E 33 30 38 0D 0A  571.0   0.308..
000131 00:56:04.046  20 35 37 30 2E 30 20 20 20 30 2E 33 30 39 0D 0A  570.0   0.309..
000132 00:56:04.062  20 35 36 39 2E 30 20 20 20 30 2E 33 31 30 0D 0A  569.0   0.310..
000133 00:56:04.078  20 35 36 38 2E 30 20 20 20 30 2E 33 31 31 0D 0A  568.0   0.311..
000134 00:56:04.109  20 35 36 37 2E 30 20 20 20 30 2E 33 31 31 0D 0A  567.0   0.311..
000135 00:56:04.109  20 35 36 36 2E 30 20 20 20 30 2E 33 31 32 0D 0A  566.0   0.312..
000136 00:56:04.125  20 35 36 35 2E 30 20 20 20 30 2E 33 31 33 0D 0A  565.0   0.313..
000137 00:56:04.187  20 35 36 34 2E 30 20 20 20 30 2E 33 31 34 0D 0A  564.0   0.314..
000138 00:56:04.187  20 35 36 33 2E 30 20 20 20 30 2E 33 31 35 0D 0A  563.0   0.315..
000139 00:56:04.187  20 35 36 32 2E 30 20 20 20 30 2E 33 31 36 0D 0A  562.0   0.316..
000140 00:56:04.187  20 35 36 31 2E 30 20 20 20 30 2E 33 31 36 0D 0A  561.0   0.316..
000141 00:56:04.218  20 35 36 30 2E 30 20 20 20 30 2E 33 31 38 0D 0A  560.0   0.318..
000142 00:56:04.234  20 35 35 39 2E 30 20 20 20 30 2E 33 31 38 0D 0A  559.0   0.318..
000143 00:56:04.250  20 35 35 38 2E 30 20 20 20 30 2E 33 31 39 0D 0A  558.0   0.319..
000144 00:56:04.265  20 35 35 37 2E 30 20 20 20 30 2E 33 32 30 0D 0A  557.0   0.320..
000145 00:56:04.281  20 35 35 36 2E 30 20 20 20 30 2E 33 32 31 0D 0A  556.0   0.321..
000146 00:56:04.296  20 35 35 35 2E 30 20 20 20 30 2E 33 32 32 0D 0A  555.0   0.322..
000147 00:56:04.312  20 35 35 34 2E 30 20 20 20 30 2E 33 32 33 0D 0A  554.0   0.323..
000148 00:56:04.343  20 35 35 33 2E 30 20 20 20 30 2E 33 32 34 0D 0A  553.0   0.324..
000149 00:56:04.359  20 35 35 32 2E 30 20 20 20 30 2E 33 32 35 0D 0A  552.0   0.325..
000150 00:56:04.375  20 35 35 31 2E 30 20 20 20 30 2E 33 32 36 0D 0A  551.0   0.326..
000151 00:56:04.375  20 35 35 30 2E 30 20 20 20 30 2E 33 32 37 0D 0A  550.0   0.327..
000152 00:56:04.390  20 35 34 39 2E 30 20 20 20 30 2E 33 32 39 0D 0A  549.0   0.329..
000153 00:56:04.406  20 35 34 38 2E 30 20 20 20 30 2E 33 32 39 0D 0A  548.0   0.329..
000154 00:56:04.421  20 35 34 37 2E 30 20 20 20 30 2E 33 33 31 0D 0A  547.0   0.331..
000155 00:56:04.453  20 35 34 36 2E 30 20 20 20 30 2E 33 33 32 0D 0A  546.0   0.332..
000156 00:56:04.468  20 35 34 35 2E 30 20 20 20 30 2E 33 33 33 0D 0A  545.0   0.333..
000157 00:56:04.484  20 35 34 34 2E 30 20 20 20 30 2E 33 33 34 0D 0A  544.0   0.334..
000158 00:56:04.500  20 35 34 33 2E 30 20 20 20 30 2E 33 33 35 0D 0A  543.0   0.335..
000159 00:56:04.515  20 35 34 32 2E 30 20 20 20 30 2E 33 33 36 0D 0A  542.0   0.336..
000160 00:56:04.531  20 35 34 31 2E 30 20 20 20 30 2E 33 33 38 0D 0A  541.0   0.338..
000161 00:56:04.546  20 35 34 30 2E 30 20 20 20 30 2E 33 33 39 0D 0A  540.0   0.339..
000162 00:56:04.578  20 35 33 39 2E 30 20 20 20 30 2E 33 34 30 0D 0A  539.0   0.340..
000163 00:56:04.593  20 35 33 38 2E 30 20 20 20 30 2E 33 34 32 0D 0A  538.0   0.342..
000164 00:56:04.609  20 35 33 37 2E 30 20 20 20 30 2E 33 34 33 0D 0A  537.0   0.343..
000165 00:56:04.625  20 35 33 36 2E 30 20 20 20 30 2E 33 34 31 0D 0A  536.0   0.341..
000166 00:56:04.625  20 35 33 35 2E 30 20 20 20 30 2E 33 34 32 0D 0A  535.0   0.342..
000167 00:56:04.640  20 35 33 34 2E 30 20 20 20 30 2E 33 34 33 0D 0A  534.0   0.343..
000168 00:56:04.656  20 35 33 33 2E 30 20 20 20 30 2E 33 34 34 0D 0A  533.0   0.344..
000169 00:56:04.687  20 35 33 32 2E 30 20 20 20 30 2E 33 34 35 0D 0A  532.0   0.345..
000170 00:56:04.734  20 35 33 31 2E 30 20 20 20 30 2E 33 34 36 0D 0A  531.0   0.346..
000171 00:56:04.734  20 35 33 30 2E 30 20 20 20 30 2E 33 34 37 0D 0A  530.0   0.347..
000172 00:56:04.734  20 35 32 39 2E 30 20 20 20 30 2E 33 34 38 0D 0A  529.0   0.348..
000173 00:56:04.750  20 35 32 38 2E 30 20 20 20 30 2E 33 34 39 0D 0A  528.0   0.349..
000174 00:56:04.765  20 35 32 37 2E 30 20 20 20 30 2E 33 35 30 0D 0A  527.0   0.350..
000175 00:56:04.781  20 35 32 36 2E 30 20 20 20 30 2E 33 35 31 0D 0A  526.0   0.351..
000176 00:56:04.812  20 35 32 35 2E 30 20 20 20 30 2E 33 35 32 0D 0A  525.0   0.352..
000177 00:56:04.828  20 35 32 34 2E 30 20 20 20 30 2E 33 35 34 0D 0A  524.0   0.354..
000178 00:56:04.843  20 35 32 33 2E 30 20 20 20 30 2E 33 35 35 0D 0A  523.0   0.355..
000179 00:56:04.859  20 35 32 32 2E 30 20 20 20 30 2E 33 35 35 0D 0A  522.0   0.355..
000180 00:56:04.875  20 35 32 31 2E 30 20 20 20 30 2E 33 35 37 0D 0A  521.0   0.357..
000181 00:56:04.890  20 35 32 30 2E 30 20 20 20 30 2E 33 35 37 0D 0A  520.0   0.357..
000182 00:56:04.890  20 35 31 39 2E 30 20 20 20 30 2E 33 35 39 0D 0A  519.0   0.359..
000183 00:56:04.921  20 35 31 38 2E 30 20 20 20 30 2E 33 36 30 0D 0A  518.0   0.360..
000184 00:56:04.937  20 35 31 37 2E 30 20 20 20 30 2E 33 36 31 0D 0A  517.0   0.361..
000185 00:56:04.953  20 35 31 36 2E 30 20 20 20 30 2E 33 36 33 0D 0A  516.0   0.363..
000186 00:56:04.968  20 35 31 35 2E 30 20 20 20 30 2E 33 36 33 0D 0A  515.0   0.363..
000187 00:56:04.984  20 35 31 34 2E 30 20 20 20 30 2E 33 36 34 0D 0A  514.0   0.364..
000188 00:56:05.000  20 35 31 33 2E 30 20 20 20 30 2E 33 36 36 0D 0A  513.0   0.366..
000189 00:56:05.015  20 35 31 32 2E 30 20 20 20 30 2E 33 36 37 0D 0A  512.0   0.367..
000190 00:56:05.046  20 35 31 31 2E 30 20 20 20 30 2E 33 36 38 0D 0A  511.0   0.368..
000191 00:56:05.062  20 35 31 30 2E 30 20 20 20 30 2E 33 36 39 0D 0A  510.0   0.369..
000192 00:56:05.078  20 35 30 39 2E 30 20 20 20 30 2E 33 37 30 0D 0A  509.0   0.370..
000193 00:56:05.093  20 35 30 38 2E 30 20 20 20 30 2E 33 37 31 0D 0A  508.0   0.371..
000194 00:56:05.109  20 35 30 37 2E 30 20 20 20 30 2E 33 37 32 0D 0A  507.0   0.372..
000195 00:56:05.125  20 35 30 36 2E 30 20 20 20 30 2E 33 37 34 0D 0A  506.0   0.374..
000196 00:56:05.140  20 35 30 35 2E 30 20 20 20 30 2E 33 37 35 0D 0A  505.0   0.375..
000197 00:56:05.156  20 35 30 34 2E 30 20 20 20 30 2E 33 37 36 0D 0A  504.0   0.376..
000198 00:56:05.171  20 35 30 33 2E 30 20 20 20 30 2E 33 37 37 0D 0A  503.0   0.377..
000199 00:56:05.187  20 35 30 32 2E 30 20 20 20 30 2E 33 37 38 0D 0A  502.0   0.378..
000200 00:56:05.203  20 35 30 31 2E 30 20 20 20 30 2E 33 38 30 0D 0A  501.0   0.380..
000201 00:56:05.218  20 35 30 30 2E 30 20 20 20 30 2E 33 38 30 0D 0A  500.0   0.380..
000202 00:56:05.234  20 34 39 39 2E 30 20 20 20 30 2E 33 38 32 0D 0A  499.0   0.382..
000203 00:56:05.250  20 34 39 38 2E 30 20 20 20 30 2E 33 38 33 0D 0A  498.0   0.383..
000204 00:56:05.281  20 34 39 37 2E 30 20 20 20 30 2E 33 38 34 0D 0A  497.0   0.384..
000205 00:56:05.296  20 34 39 36 2E 30 20 20 20 30 2E 33 38 35 0D 0A  496.0   0.385..
000206 00:56:05.312  20 34 39 35 2E 30 20 20 20 30 2E 33 38 36 0D 0A  495.0   0.386..
000207 00:56:05.328  20 34 39 34 2E 30 20 20 20 30 2E 33 38 37 0D 0A  494.0   0.387..
000208 00:56:05.343  20 34 39 33 2E 30 20 20 20 30 2E 33 38 38 0D 0A  493.0   0.388..
000209 00:56:05.359  20 34 39 32 2E 30 20 20 20 30 2E 33 39 30 0D 0A  492.0   0.390..
000210 00:56:05.375  20 34 39 31 2E 30 20 20 20 30 2E 33 39 31 0D 0A  491.0   0.391..
000211 00:56:05.406  20 34 39 30 2E 30 20 20 20 30 2E 33 39 32 0D 0A  490.0   0.392..
000212 00:56:05.421  20 34 38 39 2E 30 20 20 20 30 2E 33 39 34 0D 0A  489.0   0.394..
000213 00:56:05.421  20 34 38 38 2E 30 20 20 20 30 2E 33 39 34 0D 0A  488.0   0.394..
000214 00:56:05.437  20 34 38 37 2E 30 20 20 20 30 2E 33 39 36 0D 0A  487.0   0.396..
000215 00:56:05.453  20 34 38 36 2E 30 20 20 20 30 2E 33 39 37 0D 0A  486.0   0.397..
000216 00:56:05.468  20 34 38 35 2E 30 20 20 20 30 2E 33 39 38 0D 0A  485.0   0.398..
000217 00:56:05.484  20 34 38 34 2E 30 20 20 20 30 2E 34 30 30 0D 0A  484.0   0.400..
000218 00:56:05.515  20 34 38 33 2E 30 20 20 20 30 2E 34 30 31 0D 0A  483.0   0.401..
000219 00:56:05.531  20 34 38 32 2E 30 20 20 20 30 2E 34 30 32 0D 0A  482.0   0.402..
000220 00:56:05.546  20 34 38 31 2E 30 20 20 20 30 2E 34 30 34 0D 0A  481.0   0.404..
000221 00:56:05.562  20 34 38 30 2E 30 20 20 20 30 2E 34 30 35 0D 0A  480.0   0.405..
000222 00:56:05.578  20 34 37 39 2E 30 20 20 20 30 2E 34 30 36 0D 0A  479.0   0.406..
000223 00:56:05.593  20 34 37 38 2E 30 20 20 20 30 2E 34 30 37 0D 0A  478.0   0.407..
000224 00:56:05.609  20 34 37 37 2E 30 20 20 20 30 2E 34 30 39 0D 0A  477.0   0.409..
000225 00:56:05.640  20 34 37 36 2E 30 20 20 20 30 2E 34 31 30 0D 0A  476.0   0.410..
000226 00:56:05.656  20 34 37 35 2E 30 20 20 20 30 2E 34 31 31 0D 0A  475.0   0.411..
000227 00:56:05.671  20 34 37 34 2E 30 20 20 20 30 2E 34 31 32 0D 0A  474.0   0.412..
000228 00:56:05.687  20 34 37 33 2E 30 20 20 20 30 2E 34 31 34 0D 0A  473.0   0.414..
000229 00:56:05.687  20 34 37 32 2E 30 20 20 20 30 2E 34 31 35 0D 0A  472.0   0.415..
000230 00:56:05.703  20 34 37 31 2E 30 20 20 20 30 2E 34 31 36 0D 0A  471.0   0.416..
000231 00:56:05.718  20 34 37 30 2E 30 20 20 20 30 2E 34 31 38 0D 0A  470.0   0.418..
000232 00:56:05.750  20 34 36 39 2E 30 20 20 20 30 2E 34 31 39 0D 0A  469.0   0.419..
000233 00:56:05.765  20 34 36 38 2E 30 20 20 20 30 2E 34 32 31 0D 0A  468.0   0.421..
000234 00:56:05.781  20 34 36 37 2E 30 20 20 20 30 2E 34 32 32 0D 0A  467.0   0.422..
000235 00:56:05.796  20 34 36 36 2E 30 20 20 20 30 2E 34 32 34 0D 0A  466.0   0.424..
000236 00:56:05.812  20 34 36 35 2E 30 20 20 20 30 2E 34 32 35 0D 0A  465.0   0.425..
000237 00:56:05.828  20 34 36 34 2E 30 20 20 20 30 2E 34 32 36 0D 0A  464.0   0.426..
000238 00:56:05.843  20 34 36 33 2E 30 20 20 20 30 2E 34 32 37 0D 0A  463.0   0.427..
000239 00:56:05.875  20 34 36 32 2E 30 20 20 20 30 2E 34 32 39 0D 0A  462.0   0.429..
000240 00:56:05.890  20 34 36 31 2E 30 20 20 20 30 2E 34 33 30 0D 0A  461.0   0.430..
000241 00:56:05.921  20 34 36 30 2E 30 20 20 20 30 2E 34 33 32 0D 0A  460.0   0.432..
000242 00:56:05.921  20 34 35 39 2E 30 20 20 20 30 2E 34 33 34 0D 0A  459.0   0.434..
000243 00:56:05.937  20 34 35 38 2E 30 20 20 20 30 2E 34 33 36 0D 0A  458.0   0.436..
000244 00:56:05.937  20 34 35 37 2E 30 20 20 20 30 2E 34 33 37 0D 0A  457.0   0.437..
000245 00:56:05.953  20 34 35 36 2E 30 20 20 20 30 2E 34 33 38 0D 0A  456.0   0.438..
000246 00:56:05.984  20 34 35 35 2E 30 20 20 20 30 2E 34 34 30 0D 0A  455.0   0.440..
000247 00:56:06.000  20 34 35 34 2E 30 20 20 20 30 2E 34 34 32 0D 0A  454.0   0.442..
000248 00:56:06.015  20 34 35 33 2E 30 20 20 20 30 2E 34 34 33 0D 0A  453.0   0.443..
000249 00:56:06.031  20 34 35 32 2E 30 20 20 20 30 2E 34 34 35 0D 0A  452.0   0.445..
000250 00:56:06.046  20 34 35 31 2E 30 20 20 20 30 2E 34 34 37 0D 0A  451.0   0.447..
000251 00:56:06.062  20 34 35 30 2E 30 20 20 20 30 2E 34 34 39 0D 0A  450.0   0.449..
000252 00:56:06.078  20 34 34 39 2E 30 20 20 20 30 2E 34 35 31 0D 0A  449.0   0.451..
000253 00:56:06.109  20 34 34 38 2E 30 20 20 20 30 2E 34 35 33 0D 0A  448.0   0.453..
000254 00:56:06.125  20 34 34 37 2E 30 20 20 20 30 2E 34 35 34 0D 0A  447.0   0.454..
000255 00:56:06.140  20 34 34 36 2E 30 20 20 20 30 2E 34 35 37 0D 0A  446.0   0.457..
000256 00:56:06.156  20 34 34 35 2E 30 20 20 20 30 2E 34 35 38 0D 0A  445.0   0.458..
000257 00:56:06.171  20 34 34 34 2E 30 20 20 20 30 2E 34 36 30 0D 0A  444.0   0.460..
000258 00:56:06.187  20 34 34 33 2E 30 20 20 20 30 2E 34 36 32 0D 0A  443.0   0.462..
000259 00:56:06.203  20 34 34 32 2E 30 20 20 20 30 2E 34 36 34 0D 0A  442.0   0.464..
000260 00:56:06.218  20 34 34 31 2E 30 20 20 20 30 2E 34 36 36 0D 0A  441.0   0.466..
000261 00:56:06.234  20 34 34 30 2E 30 20 20 20 30 2E 34 36 38 0D 0A  440.0   0.468..
000262 00:56:06.250  20 34 33 39 2E 30 20 20 20 30 2E 34 37 30 0D 0A  439.0   0.470..
000263 00:56:06.265  20 34 33 38 2E 30 20 20 20 30 2E 34 37 33 0D 0A  438.0   0.473..
000264 00:56:06.281  20 34 33 37 2E 30 20 20 20 30 2E 34 37 35 0D 0A  437.0   0.475..
000265 00:56:06.296  20 34 33 36 2E 30 20 20 20 30 2E 34 37 37 0D 0A  436.0   0.477..
000266 00:56:06.312  20 34 33 35 2E 30 20 20 20 30 2E 34 37 39 0D 0A  435.0   0.479..
000267 00:56:06.343  20 34 33 34 2E 30 20 20 20 30 2E 34 38 32 0D 0A  434.0   0.482..
000268 00:56:06.359  20 34 33 33 2E 30 20 20 20 30 2E 34 38 35 0D 0A  433.0   0.485..
000269 00:56:06.375  20 34 33 32 2E 30 20 20 20 30 2E 34 38 38 0D 0A  432.0   0.488..
000270 00:56:06.390  20 34 33 31 2E 30 20 20 20 30 2E 34 39 30 0D 0A  431.0   0.490..
000271 00:56:06.406  20 34 33 30 2E 30 20 20 20 30 2E 34 39 34 0D 0A  430.0   0.494..
000272 00:56:06.421  20 34 32 39 2E 30 20 20 20 30 2E 34 39 37 0D 0A  429.0   0.497..
000273 00:56:06.437  20 34 32 38 2E 30 20 20 20 30 2E 35 30 30 0D 0A  428.0   0.500..
000274 00:56:06.468  20 34 32 37 2E 30 20 20 20 30 2E 35 30 34 0D 0A  427.0   0.504..
000275 00:56:06.468  20 34 32 36 2E 30 20 20 20 30 2E 35 30 38 0D 0A  426.0   0.508..
000276 00:56:06.484  20 34 32 35 2E 30 20 20 20 30 2E 35 31 32 0D 0A  425.0   0.512..
000277 00:56:06.500  20 34 32 34 2E 30 20 20 20 30 2E 35 31 37 0D 0A  424.0   0.517..
000278 00:56:06.515  20 34 32 33 2E 30 20 20 20 30 2E 35 32 31 0D 0A  423.0   0.521..
000279 00:56:06.531  20 34 32 32 2E 30 20 20 20 30 2E 35 32 36 0D 0A  422.0   0.526..
000280 00:56:06.546  20 34 32 31 2E 30 20 20 20 30 2E 35 33 32 0D 0A  421.0   0.532..
000281 00:56:06.578  20 34 32 30 2E 30 20 20 20 30 2E 35 33 37 0D 0A  420.0   0.537..
000282 00:56:06.593  20 34 31 39 2E 30 20 20 20 30 2E 35 34 33 0D 0A  419.0   0.543..
000283 00:56:06.609  20 34 31 38 2E 30 20 20 20 30 2E 35 34 39 0D 0A  418.0   0.549..
000284 00:56:06.625  20 34 31 37 2E 30 20 20 20 30 2E 35 35 36 0D 0A  417.0   0.556..
000285 00:56:06.640  20 34 31 36 2E 30 20 20 20 30 2E 35 36 33 0D 0A  416.0   0.563..
000286 00:56:06.656  20 34 31 35 2E 30 20 20 20 30 2E 35 36 37 0D 0A  415.0   0.567..
000287 00:56:06.671  20 34 31 34 2E 30 20 20 20 30 2E 35 37 34 0D 0A  414.0   0.574..
000288 00:56:06.703  20 34 31 33 2E 30 20 20 20 30 2E 35 38 31 0D 0A  413.0   0.581..
000289 00:56:06.718  20 34 31 32 2E 30 20 20 20 30 2E 35 38 39 0D 0A  412.0   0.589..
000290 00:56:06.734  20 34 31 31 2E 30 20 20 20 30 2E 35 39 37 0D 0A  411.0   0.597..
000291 00:56:06.734  20 34 31 30 2E 30 20 20 20 30 2E 36 30 34 0D 0A  410.0   0.604..
000292 00:56:06.750  20 34 30 39 2E 30 20 20 20 30 2E 36 31 30 0D 0A  409.0   0.610..
000293 00:56:06.765  20 34 30 38 2E 30 20 20 20 30 2E 36 31 36 0D 0A  408.0   0.616..
000294 00:56:06.781  20 34 30 37 2E 30 20 20 20 30 2E 36 32 31 0D 0A  407.0   0.621..
000295 00:56:06.812  20 34 30 36 2E 30 20 20 20 30 2E 36 32 35 0D 0A  406.0   0.625..
000296 00:56:06.828  20 34 30 35 2E 30 20 20 20 30 2E 36 32 37 0D 0A  405.0   0.627..
000297 00:56:06.843  20 34 30 34 2E 30 20 20 20 30 2E 36 32 39 0D 0A  404.0   0.629..
000298 00:56:06.859  20 34 30 33 2E 30 20 20 20 30 2E 36 33 30 0D 0A  403.0   0.630..
000299 00:56:06.875  20 34 30 32 2E 30 20 20 20 30 2E 36 32 39 0D 0A  402.0   0.629..
000300 00:56:06.890  20 34 30 31 2E 30 20 20 20 30 2E 36 32 39 0D 0A  401.0   0.629..
000301 00:56:06.906  20 34 30 30 2E 30 20 20 20 30 2E 36 32 37 0D 0A  400.0   0.627..
000302 00:56:06.937  20 33 39 39 2E 30 20 20 20 30 2E 36 32 36 0D 0A  399.0   0.626..
000303 00:56:06.953  20 33 39 38 2E 30 20 20 20 30 2E 36 32 34 0D 0A  398.0   0.624..
000304 00:56:06.968  20 33 39 37 2E 30 20 20 20 30 2E 36 32 32 0D 0A  397.0   0.622..
000305 00:56:06.984  20 33 39 36 2E 30 20 20 20 30 2E 36 32 30 0D 0A  396.0   0.620..
000306 00:56:07.000  20 33 39 35 2E 30 20 20 20 30 2E 36 31 38 0D 0A  395.0   0.618..
000307 00:56:07.000  20 33 39 34 2E 30 20 20 20 30 2E 36 31 37 0D 0A  394.0   0.617..
000308 00:56:07.015  20 33 39 33 2E 30 20 20 20 30 2E 36 31 36 0D 0A  393.0   0.616..
000309 00:56:07.046  20 33 39 32 2E 30 20 20 20 30 2E 36 31 35 0D 0A  392.0   0.615..
000310 00:56:07.062  20 33 39 31 2E 30 20 20 20 30 2E 36 31 34 0D 0A  391.0   0.614..
000311 00:56:07.078  20 33 39 30 2E 30 20 20 20 30 2E 36 31 34 0D 0A  390.0   0.614..
000312 00:56:07.093  20 33 38 39 2E 30 20 20 20 30 2E 36 31 33 0D 0A  389.0   0.613..
000313 00:56:07.109  20 33 38 38 2E 30 20 20 20 30 2E 36 31 34 0D 0A  388.0   0.614..
000314 00:56:07.125  20 33 38 37 2E 30 20 20 20 30 2E 36 31 34 0D 0A  387.0   0.614..
000315 00:56:07.140  20 33 38 36 2E 30 20 20 20 30 2E 36 31 35 0D 0A  386.0   0.615..
000316 00:56:07.171  20 33 38 35 2E 30 20 20 20 30 2E 36 31 35 0D 0A  385.0   0.615..
000317 00:56:07.187  20 33 38 34 2E 30 20 20 20 30 2E 36 31 36 0D 0A  384.0   0.616..
000318 00:56:07.203  20 33 38 33 2E 30 20 20 20 30 2E 36 31 36 0D 0A  383.0   0.616..
000319 00:56:07.218  20 33 38 32 2E 30 20 20 20 30 2E 36 31 37 0D 0A  382.0   0.617..
000320 00:56:07.234  20 33 38 31 2E 30 20 20 20 30 2E 36 31 38 0D 0A  381.0   0.618..
000321 00:56:07.250  20 33 38 30 2E 30 20 20 20 30 2E 36 31 39 0D 0A  380.0   0.619..
000322 00:56:07.250  20 33 37 39 2E 30 20 20 20 30 2E 36 32 30 0D 0A  379.0   0.620..
000323 00:56:07.281  20 33 37 38 2E 30 20 20 20 30 2E 36 32 31 0D 0A  378.0   0.621..
000324 00:56:07.296  20 33 37 37 2E 30 20 20 20 30 2E 36 32 32 0D 0A  377.0   0.622..
000325 00:56:07.312  20 33 37 36 2E 30 20 20 20 30 2E 36 32 33 0D 0A  376.0   0.623..
000326 00:56:07.328  20 33 37 35 2E 30 20 20 20 30 2E 36 32 34 0D 0A  375.0   0.624..
000327 00:56:07.343  20 33 37 34 2E 30 20 20 20 30 2E 36 32 36 0D 0A  374.0   0.626..
000328 00:56:07.359  20 33 37 33 2E 30 20 20 20 30 2E 36 32 38 0D 0A  373.0   0.628..
000329 00:56:07.375  20 33 37 32 2E 30 20 20 20 30 2E 36 33 30 0D 0A  372.0   0.630..
000330 00:56:07.406  20 33 37 31 2E 30 20 20 20 30 2E 36 33 31 0D 0A  371.0   0.631..
000331 00:56:07.421  20 33 37 30 2E 30 20 20 20 30 2E 36 33 33 0D 0A  370.0   0.633..
000332 00:56:07.437  20 33 36 39 2E 30 20 20 20 30 2E 36 33 35 0D 0A  369.0   0.635..
000333 00:56:07.453  20 33 36 38 2E 30 20 20 20 30 2E 36 33 37 0D 0A  368.0   0.637..
000334 00:56:07.468  20 33 36 37 2E 30 20 20 20 30 2E 36 34 30 0D 0A  367.0   0.640..
000335 00:56:07.484  20 33 36 36 2E 30 20 20 20 30 2E 36 34 32 0D 0A  366.0   0.642..
000336 00:56:07.500  20 33 36 35 2E 30 20 20 20 30 2E 36 33 39 0D 0A  365.0   0.639..
000337 00:56:07.515  20 33 36 34 2E 30 20 20 20 30 2E 36 34 31 0D 0A  364.0   0.641..
000338 00:56:07.531  20 33 36 33 2E 30 20 20 20 30 2E 36 34 33 0D 0A  363.0   0.643..
000339 00:56:07.546  20 33 36 32 2E 30 20 20 20 30 2E 36 34 36 0D 0A  362.0   0.646..
000340 00:56:07.562  20 33 36 31 2E 30 20 20 20 30 2E 36 34 39 0D 0A  361.0   0.649..
000341 00:56:07.578  20 33 36 30 2E 30 20 20 20 30 2E 36 35 31 0D 0A  360.0   0.651..
000342 00:56:07.593  20 33 35 39 2E 30 20 20 20 30 2E 36 35 34 0D 0A  359.0   0.654..
000343 00:56:07.609  20 33 35 38 2E 30 20 20 20 30 2E 36 35 36 0D 0A  358.0   0.656..
000344 00:56:07.640  20 33 35 37 2E 30 20 20 20 30 2E 36 35 39 0D 0A  357.0   0.659..
000345 00:56:07.671  20 33 35 36 2E 30 20 20 20 30 2E 36 36 31 0D 0A  356.0   0.661..
000346 00:56:07.671  20 33 35 35 2E 30 20 20 20 30 2E 36 36 35 0D 0A  355.0   0.665..
000347 00:56:07.687  20 33 35 34 2E 30 20 20 20 30 2E 36 36 37 0D 0A  354.0   0.667..
000348 00:56:07.703  20 33 35 33 2E 30 20 20 20 30 2E 36 37 30 0D 0A  353.0   0.670..
000349 00:56:07.718  20 33 35 32 2E 30 20 20 20 30 2E 36 37 33 0D 0A  352.0   0.673..
000350 00:56:07.734  20 33 35 31 2E 30 20 20 20 30 2E 36 37 35 0D 0A  351.0   0.675..
000351 00:56:07.765  20 33 35 30 2E 30 20 20 20 30 2E 36 37 39 0D 0A  350.0   0.679..
000352 00:56:07.781  20 33 34 39 2E 30 20 20 20 30 2E 36 38 31 0D 0A  349.0   0.681..
000353 00:56:07.781  20 33 34 38 2E 30 20 20 20 30 2E 36 38 35 0D 0A  348.0   0.685..
000354 00:56:07.796  20 33 34 37 2E 30 20 20 20 30 2E 36 38 38 0D 0A  347.0   0.688..
000355 00:56:07.812  20 33 34 36 2E 30 20 20 20 30 2E 36 39 31 0D 0A  346.0   0.691..
000356 00:56:07.828  20 33 34 35 2E 30 20 20 20 30 2E 36 39 34 0D 0A  345.0   0.694..
000357 00:56:07.843  20 33 34 34 2E 30 20 20 20 30 2E 36 39 37 0D 0A  344.0   0.697..
000358 00:56:07.875  20 33 34 33 2E 30 20 20 20 30 2E 37 30 30 0D 0A  343.0   0.700..
000359 00:56:07.890  20 33 34 32 2E 30 20 20 20 30 2E 37 30 33 0D 0A  342.0   0.703..
000360 00:56:07.906  20 33 34 31 2E 30 20 20 20 30 2E 37 30 37 0D 0A  341.0   0.707..
000361 00:56:07.921  20 33 34 30 2E 30 20 20 20 30 2E 37 32 30 0D 0A  340.0   0.720..
000362 00:56:07.937  20 33 33 39 2E 30 20 20 20 30 2E 37 32 33 0D 0A  339.0   0.723..
000363 00:56:07.953  20 33 33 38 2E 30 20 20 20 30 2E 37 32 35 0D 0A  338.0   0.725..
000364 00:56:07.968  20 33 33 37 2E 30 20 20 20 30 2E 37 32 39 0D 0A  337.0   0.729..
000365 00:56:08.000  20 33 33 36 2E 30 20 20 20 30 2E 37 33 33 0D 0A  336.0   0.733..
000366 00:56:08.015  20 33 33 35 2E 30 20 20 20 30 2E 37 33 36 0D 0A  335.0   0.736..
000367 00:56:08.031  20 33 33 34 2E 30 20 20 20 30 2E 37 34 30 0D 0A  334.0   0.740..
000368 00:56:08.046  20 33 33 33 2E 30 20 20 20 30 2E 37 34 34 0D 0A  333.0   0.744..
000369 00:56:08.046  20 33 33 32 2E 30 20 20 20 30 2E 37 34 36 0D 0A  332.0   0.746..
000370 00:56:08.062  20 33 33 31 2E 30 20 20 20 30 2E 37 35 30 0D 0A  331.0   0.750..
000371 00:56:08.093  20 33 33 30 2E 30 20 20 20 30 2E 37 35 34 0D 0A  330.0   0.754..
000372 00:56:08.109  20 33 32 39 2E 30 20 20 20 30 2E 37 35 38 0D 0A  329.0   0.758..
000373 00:56:08.125  20 33 32 38 2E 30 20 20 20 30 2E 37 36 31 0D 0A  328.0   0.761..
000374 00:56:08.140  20 33 32 37 2E 30 20 20 20 30 2E 37 36 35 0D 0A  327.0   0.765..
000375 00:56:08.156  20 33 32 36 2E 30 20 20 20 30 2E 37 37 30 0D 0A  326.0   0.770..
000376 00:56:08.171  20 33 32 35 2E 30 20 20 20 30 2E 37 37 33 0D 0A  325.0   0.773..
000377 00:56:08.187  20 33 32 34 2E 30 20 20 20 30 2E 37 37 37 0D 0A  324.0   0.777..
000378 00:56:08.234  20 33 32 33 2E 30 20 20 20 30 2E 37 38 31 0D 0A  323.0   0.781..
000379 00:56:08.234  20 33 32 32 2E 30 20 20 20 30 2E 37 38 35 0D 0A  322.0   0.785..
000380 00:56:08.250  20 33 32 31 2E 30 20 20 20 30 2E 37 39 30 0D 0A  321.0   0.790..
000381 00:56:08.265  20 33 32 30 2E 30 20 20 20 30 2E 37 39 34 0D 0A  320.0   0.794..
000382 00:56:08.281  20 33 31 39 2E 30 20 20 20 30 2E 37 39 38 0D 0A  319.0   0.798..
000383 00:56:08.296  20 33 31 38 2E 30 20 20 20 30 2E 38 30 33 0D 0A  318.0   0.803..
000384 00:56:08.312  20 33 31 37 2E 30 20 20 20 30 2E 38 30 37 0D 0A  317.0   0.807..
000385 00:56:08.312  20 33 31 36 2E 30 20 20 20 30 2E 38 31 33 0D 0A  316.0   0.813..
000386 00:56:08.343  20 33 31 35 2E 30 20 20 20 30 2E 38 31 38 0D 0A  315.0   0.818..
000387 00:56:08.359  20 33 31 34 2E 30 20 20 20 30 2E 38 32 34 0D 0A  314.0   0.824..
000388 00:56:08.375  20 33 31 33 2E 30 20 20 20 30 2E 38 33 31 0D 0A  313.0   0.831..
000389 00:56:08.390  20 33 31 32 2E 30 20 20 20 30 2E 38 33 37 0D 0A  312.0   0.837..
000390 00:56:08.406  20 33 31 31 2E 30 20 20 20 30 2E 38 34 36 0D 0A  311.0   0.846..
000391 00:56:08.421  20 33 31 30 2E 30 20 20 20 30 2E 38 35 35 0D 0A  310.0   0.855..
000392 00:56:08.437  20 33 30 39 2E 30 20 20 20 30 2E 38 36 34 0D 0A  309.0   0.864..
000393 00:56:08.468  20 33 30 38 2E 30 20 20 20 30 2E 38 37 37 0D 0A  308.0   0.877..
000394 00:56:08.484  20 33 30 37 2E 30 20 20 20 30 2E 38 39 32 0D 0A  307.0   0.892..
000395 00:56:08.500  20 33 30 36 2E 30 20 20 20 30 2E 39 32 33 0D 0A  306.0   0.923..
000396 00:56:08.515  20 33 30 35 2E 30 20 20 20 30 2E 39 33 39 0D 0A  305.0   0.939..
000397 00:56:08.531  20 33 30 34 2E 30 20 20 20 30 2E 39 36 35 0D 0A  304.0   0.965..
000398 00:56:08.546  20 33 30 33 2E 30 20 20 20 30 2E 39 39 37 0D 0A  303.0   0.997..
000399 00:56:08.562  20 33 30 32 2E 30 20 20 20 31 2E 30 33 36 0D 0A  302.0   1.036..
000400 00:56:08.578  20 33 30 31 2E 30 20 20 20 31 2E 30 37 39 0D 0A  301.0   1.079..
000401 00:56:08.593  20 33 30 30 2E 30 20 20 20 31 2E 31 32 39 0D 0A  300.0   1.129..
000402 00:56:08.609  20 32 39 39 2E 30 20 20 20 31 2E 31 39 31 0D 0A  299.0   1.191..
000403 00:56:08.625  20 32 39 38 2E 30 20 20 20 31 2E 32 36 32 0D 0A  298.0   1.262..
000404 00:56:08.640  20 32 39 37 2E 30 20 20 20 31 2E 33 33 39 0D 0A  297.0   1.339..
000405 00:56:08.656  20 32 39 36 2E 30 20 20 20 31 2E 34 32 38 0D 0A  296.0   1.428..
000406 00:56:08.671  20 32 39 35 2E 30 20 20 20 31 2E 35 33 39 0D 0A  295.0   1.539..
000407 00:56:08.703  20 32 39 34 2E 30 20 20 20 31 2E 36 36 38 0D 0A  294.0   1.668..
000408 00:56:08.718  20 32 39 33 2E 30 20 20 20 31 2E 38 30 33 0D 0A  293.0   1.803..
000409 00:56:08.734  20 32 39 32 2E 30 20 20 20 31 2E 39 34 33 0D 0A  292.0   1.943..
000410 00:56:08.750  20 32 39 31 2E 30 20 20 20 32 2E 30 39 33 0D 0A  291.0   2.093..
000411 00:56:08.781  20 32 39 30 2E 30 20 20 20 32 2E 32 33 39 0D 0A  290.0   2.239..
000412 00:56:08.781  20 32 38 39 2E 30 20 20 20 32 2E 33 37 35 0D 0A  289.0   2.375..
000413 00:56:08.796  20 32 38 38 2E 30 20 20 20 32 2E 35 32 39 0D 0A  288.0   2.529..
000414 00:56:08.828  20 32 38 37 2E 30 20 20 20 32 2E 36 36 32 0D 0A  287.0   2.662..
000415 00:56:08.828  20 32 38 36 2E 30 20 20 20 32 2E 38 31 30 0D 0A  286.0   2.810..
000416 00:56:08.843  20 32 38 35 2E 30 20 20 20 32 2E 39 31 30 0D 0A  285.0   2.910..
000417 00:56:08.859  20 32 38 34 2E 30 20 20 20 33 2E 30 33 38 0D 0A  284.0   3.038..
000418 00:56:08.875  20 32 38 33 2E 30 20 20 20 33 2E 31 32 31 0D 0A  283.0   3.121..
000419 00:56:08.890  20 32 38 32 2E 30 20 20 20 33 2E 32 32 31 0D 0A  282.0   3.221..
000420 00:56:08.906  20 32 38 31 2E 30 20 20 20 33 2E 33 35 30 0D 0A  281.0   3.350..
000421 00:56:08.937  20 32 38 30 2E 30 20 20 20 33 2E 32 33 30 0D 0A  280.0   3.230..
000422 00:56:08.953  20 32 37 39 2E 30 20 20 20 33 2E 33 35 39 0D 0A  279.0   3.359..
000423 00:56:08.968  20 32 37 38 2E 30 20 20 20 33 2E 33 36 34 0D 0A  278.0   3.364..
000424 00:56:08.984  20 32 37 37 2E 30 20 20 20 33 2E 33 36 38 0D 0A  277.0   3.368..
000425 00:56:09.000  20 32 37 36 2E 30 20 20 20 33 2E 33 37 34 0D 0A  276.0   3.374..
000426 00:56:09.015  20 32 37 35 2E 30 20 20 20 33 2E 32 35 35 0D 0A  275.0   3.255..
000427 00:56:09.031  20 32 37 34 2E 30 20 20 20 33 2E 33 38 37 0D 0A  274.0   3.387..
000428 00:56:09.062  20 32 37 33 2E 30 20 20 20 33 2E 32 36 39 0D 0A  273.0   3.269..
000429 00:56:09.078  20 32 37 32 2E 30 20 20 20 33 2E 31 38 30 0D 0A  272.0   3.180..
000430 00:56:09.093  20 32 37 31 2E 30 20 20 20 33 2E 31 38 39 0D 0A  271.0   3.189..
000431 00:56:09.093  20 32 37 30 2E 30 20 20 20 33 2E 31 31 39 0D 0A  270.0   3.119..
000432 00:56:09.109  20 32 36 39 2E 30 20 20 20 33 2E 30 36 32 0D 0A  269.0   3.062..
000433 00:56:09.125  20 32 36 38 2E 30 20 20 20 33 2E 30 31 36 0D 0A  268.0   3.016..
000434 00:56:09.140  20 32 36 37 2E 30 20 20 20 32 2E 39 33 31 0D 0A  267.0   2.931..
000435 00:56:09.171  20 32 36 36 2E 30 20 20 20 32 2E 38 36 34 0D 0A  266.0   2.864..
000436 00:56:09.203  20 32 36 35 2E 30 20 20 20 32 2E 38 30 39 0D 0A  265.0   2.809..
000437 00:56:09.203  20 32 36 34 2E 30 20 20 20 32 2E 37 33 38 0D 0A  264.0   2.738..
000438 00:56:09.218  20 32 36 33 2E 30 20 20 20 32 2E 36 38 30 0D 0A  263.0   2.680..
000439 00:56:09.234  20 32 36 32 2E 30 20 20 20 32 2E 36 33 31 0D 0A  262.0   2.631..
000440 00:56:09.250  20 32 36 31 2E 30 20 20 20 32 2E 35 37 33 0D 0A  261.0   2.573..
000441 00:56:09.265  20 32 36 30 2E 30 20 20 20 32 2E 35 32 36 0D 0A  260.0   2.526..
000442 00:56:09.296  20 32 35 39 2E 30 20 20 20 32 2E 34 37 33 0D 0A  259.0   2.473..
000443 00:56:09.328  20 32 35 38 2E 30 20 20 20 32 2E 34 33 38 0D 0A  258.0   2.438..
000444 00:56:09.328  20 32 35 37 2E 30 20 20 20 32 2E 34 30 37 0D 0A  257.0   2.407..
000445 00:56:09.343  20 32 35 36 2E 30 20 20 20 32 2E 33 34 35 0D 0A  256.0   2.345..
000446 00:56:09.359  20 32 35 35 2E 30 20 20 20 32 2E 33 32 34 0D 0A  255.0   2.324..
000447 00:56:09.359  20 32 35 34 2E 30 20 20 20 32 2E 33 30 35 0D 0A  254.0   2.305..
000448 00:56:09.375  20 32 35 33 2E 30 20 20 20 32 2E 32 38 38 0D 0A  253.0   2.288..
000449 00:56:09.421  20 32 35 32 2E 30 20 20 20 32 2E 32 39 38 0D 0A  252.0   2.298..
000450 00:56:09.437  20 32 35 31 2E 30 20 20 20 32 2E 33 31 30 0D 0A  251.0   2.310..
000451 00:56:09.437  20 32 35 30 2E 30 20 20 20 32 2E 33 34 38 0D 0A  250.0   2.348..
000452 00:56:09.453  20 32 34 39 2E 30 20 20 20 32 2E 33 38 38 0D 0A  249.0   2.388..
000453 00:56:09.468  20 32 34 38 2E 30 20 20 20 32 2E 34 36 35 0D 0A  248.0   2.465..
000454 00:56:09.484  20 32 34 37 2E 30 20 20 20 32 2E 35 31 33 0D 0A  247.0   2.513..
000455 00:56:09.500  20 32 34 36 2E 30 20 20 20 32 2E 36 31 30 0D 0A  246.0   2.610..
000456 00:56:09.531  20 32 34 35 2E 30 20 20 20 32 2E 37 32 38 0D 0A  245.0   2.728..
000457 00:56:09.546  20 32 34 34 2E 30 20 20 20 32 2E 39 37 39 0D 0A  244.0   2.979..
000458 00:56:09.562  20 32 34 33 2E 30 20 20 20 33 2E 31 31 32 0D 0A  243.0   3.112..
000459 00:56:09.578  20 32 34 32 2E 30 20 20 20 33 2E 32 39 36 0D 0A  242.0   3.296..
000460 00:56:09.593  20 32 34 31 2E 30 20 20 20 33 2E 36 30 34 0D 0A  241.0   3.604..
000461 00:56:09.609  20 32 34 30 2E 30 20 20 20 33 2E 36 30 39 0D 0A  240.0   3.609..
000462 00:56:09.609  20 32 33 39 2E 30 20 20 20 34 2E 30 30 30 0D 0A  239.0   4.000..
000463 00:56:09.640  20 32 33 38 2E 30 20 20 20 34 2E 30 30 30 0D 0A  238.0   4.000..
000464 00:56:09.656  20 32 33 37 2E 30 20 20 20 34 2E 30 30 30 0D 0A  237.0   4.000..
000465 00:56:09.671  20 32 33 36 2E 30 20 20 20 34 2E 30 30 30 0D 0A  236.0   4.000..
000466 00:56:09.687  20 32 33 35 2E 30 20 20 20 34 2E 30 30 30 0D 0A  235.0   4.000..
000467 00:56:09.703  20 32 33 34 2E 30 20 20 20 34 2E 30 30 30 0D 0A  234.0   4.000..
000468 00:56:09.718  20 32 33 33 2E 30 20 20 20 34 2E 30 30 30 0D 0A  233.0   4.000..
000469 00:56:09.734  20 32 33 32 2E 30 20 20 20 34 2E 30 30 30 0D 0A  232.0   4.000..
000470 00:56:09.765  20 32 33 31 2E 30 20 20 20 34 2E 30 30 30 0D 0A  231.0   4.000..
000471 00:56:09.781  20 32 33 30 2E 30 20 20 20 34 2E 30 30 30 0D 0A  230.0   4.000..
000472 00:56:09.796  20 32 32 39 2E 30 20 20 20 34 2E 30 30 30 0D 0A  229.0   4.000..
000473 00:56:09.812  20 32 32 38 2E 30 20 20 20 34 2E 30 30 30 0D 0A  228.0   4.000..
000474 00:56:09.828  20 32 32 37 2E 30 20 20 20 34 2E 30 30 30 0D 0A  227.0   4.000..
000475 00:56:09.843  20 32 32 36 2E 30 20 20 20 34 2E 30 30 30 0D 0A  226.0   4.000..
000476 00:56:09.859  20 32 32 35 2E 30 20 20 20 34 2E 30 30 30 0D 0A  225.0   4.000..
000477 00:56:09.875  20 32 32 34 2E 30 20 20 20 34 2E 30 30 30 0D 0A  224.0   4.000..
000478 00:56:09.890  20 32 32 33 2E 30 20 20 20 34 2E 30 30 30 0D 0A  223.0   4.000..
000479 00:56:09.906  20 32 32 32 2E 30 20 20 20 34 2E 30 30 30 0D 0A  222.0   4.000..
000480 00:56:09.921  20 32 32 31 2E 30 20 20 20 34 2E 30 30 30 0D 0A  221.0   4.000..
000481 00:56:09.937  20 32 32 30 2E 30 20 20 20 34 2E 30 30 30 0D 0A  220.0   4.000..
000482 00:56:09.953  20 32 31 39 2E 30 20 20 20 34 2E 30 30 30 0D 0A  219.0   4.000..
000483 00:56:09.968  20 32 31 38 2E 30 20 20 20 34 2E 30 30 30 0D 0A  218.0   4.000..
000484 00:56:10.000  20 32 31 37 2E 30 20 20 20 34 2E 30 30 30 0D 0A  217.0   4.000..
000485 00:56:10.015  20 32 31 36 2E 30 20 20 20 34 2E 30 30 30 0D 0A  216.0   4.000..
000486 00:56:10.031  20 32 31 35 2E 30 20 20 20 34 2E 30 30 30 0D 0A  215.0   4.000..
000487 00:56:10.046  20 32 31 34 2E 30 20 20 20 34 2E 30 30 30 0D 0A  214.0   4.000..
000488 00:56:10.062  20 32 31 33 2E 30 20 20 20 33 2E 39 39 34 0D 0A  213.0   3.994..
000489 00:56:10.078  20 32 31 32 2E 30 20 20 20 33 2E 39 37 36 0D 0A  212.0   3.976..
000490 00:56:10.093  20 32 31 31 2E 30 20 20 20 33 2E 39 35 35 0D 0A  211.0   3.955..
000491 00:56:10.125  20 32 31 30 2E 30 20 20 20 34 2E 30 30 30 0D 0A  210.0   4.000..
000492 00:56:10.140  20 32 30 39 2E 30 20 20 20 34 2E 30 30 30 0D 0A  209.0   4.000..
000493 00:56:10.140  20 32 30 38 2E 30 20 20 20 33 2E 38 37 36 0D 0A  208.0   3.876..
000494 00:56:10.156  20 32 30 37 2E 30 20 20 20 33 2E 38 34 35 0D 0A  207.0   3.845..
000495 00:56:10.171  20 32 30 36 2E 30 20 20 20 34 2E 30 30 30 0D 0A  206.0   4.000..
000496 00:56:10.203  20 32 30 35 2E 30 20 20 20 34 2E 30 30 30 0D 0A  205.0   4.000..
000497 00:56:10.203  20 32 30 34 2E 30 20 20 20 34 2E 30 30 30 0D 0A  204.0   4.000..
000498 00:56:10.234  20 32 30 33 2E 30 20 20 20 33 2E 36 39 30 0D 0A  203.0   3.690..
000499 00:56:10.250  20 32 30 32 2E 30 20 20 20 34 2E 30 30 30 0D 0A  202.0   4.000..
000500 00:56:10.265  20 32 30 31 2E 30 20 20 20 33 2E 35 39 30 0D 0A  201.0   3.590..
000501 00:56:10.281  20 32 30 30 2E 30 20 20 20 34 2E 30 30 30 0D 0A  200.0   4.000..
000502 00:56:10.296  20 31 39 39 2E 30 20 20 20 34 2E 30 30 30 0D 0A  199.0   4.000..
000503 00:56:10.312  20 31 39 38 2E 30 20 20 20 34 2E 30 30 30 0D 0A  198.0   4.000..
000504 00:56:10.328  20 31 39 37 2E 30 20 20 20 33 2E 39 36 38 0D 0A  197.0   3.968..
000505 00:56:10.359  20 31 39 36 2E 30 20 20 20 34 2E 30 30 30 0D 0A  196.0   4.000..
000506 00:56:10.375  20 31 39 35 2E 30 20 20 20 34 2E 30 30 30 0D 0A  195.0   4.000..
000507 00:56:10.390  20 31 39 34 2E 30 20 20 20 34 2E 30 30 30 0D 0A  194.0   4.000..
000508 00:56:10.406  20 31 39 33 2E 30 20 20 20 34 2E 30 30 30 0D 0A  193.0   4.000..
000509 00:56:10.421  20 31 39 32 2E 30 20 20 20 34 2E 30 30 30 0D 0A  192.0   4.000..
000510 00:56:10.421  20 31 39 31 2E 30 20 20 20 34 2E 30 30 30 0D 0A  191.0   4.000..
000511 00:56:10.437  20 31 39 30 2E 30 20 20 20 33 2E 34 30 38 0D 0A  190.0   3.408..
000512 00:56:10.468  1A                                              .
