000001 01:02:03.328  20 37 30 30 2E 30 20 20 20 30 2E 31 32 32 0D 0A  700.0   0.122..
000002 01:02:03.328  20 36 39 39 2E 30 20 20 20 30 2E 31 32 32 0D 0A  699.0   0.122..
000003 01:02:03.343  20 36 39 38 2E 30 20 20 20 30 2E 31 32 32 0D 0A  698.0   0.122..
000004 01:02:03.359  20 36 39 37 2E 30 20 20 20 30 2E 31 32 33 0D 0A  697.0   0.123..
000005 01:02:03.375  20 36 39 36 2E 30 20 20 20 30 2E 31 32 33 0D 0A  696.0   0.123..
000006 01:02:03.390  20 36 39 35 2E 30 20 20 20 30 2E 31 32 33 0D 0A  695.0   0.123..
000007 01:02:03.406  20 36 39 34 2E 30 20 20 20 30 2E 31 32 34 0D 0A  694.0   0.124..
000008 01:02:03.437  20 36 39 33 2E 30 20 20 20 30 2E 31 32 34 0D 0A  693.0   0.124..
000009 01:02:03.453  20 36 39 32 2E 30 20 20 20 30 2E 31 32 34 0D 0A  692.0   0.124..
000010 01:02:03.468  20 36 39 31 2E 30 20 20 20 30 2E 31 32 35 0D 0A  691.0   0.125..
000011 01:02:03.484  20 36 39 30 2E 30 20 20 20 30 2E 31 32 35 0D 0A  690.0   0.125..
000012 01:02:03.500  20 36 38 39 2E 30 20 20 20 30 2E 31 32 35 0D 0A  689.0   0.125..
000013 01:02:03.515  20 36 38 38 2E 30 20 20 20 30 2E 31 32 36 0D 0A  688.0   0.126..
000014 01:02:03.531  20 36 38 37 2E 30 20 20 20 30 2E 31 32 36 0D 0A  687.0   0.126..
000015 01:02:03.562  20 36 38 36 2E 30 20 20 20 30 2E 31 32 36 0D 0A  686.0   0.126..
000016 01:02:03.578  20 36 38 35 2E 30 20 20 20 30 2E 31 32 36 0D 0A  685.0   0.126..
000017 01:02:03.578  20 36 38 34 2E 30 20 20 20 30 2E 31 32 37 0D 0A  684.0   0.127..
000018 01:02:03.593  20 36 38 33 2E 30 20 20 20 30 2E 31 32 37 0D 0A  683.0   0.127..
000019 01:02:03.609  20 36 38 32 2E 30 20 20 20 30 2E 31 32 37 0D 0A  682.0   0.127..
000020 01:02:03.625  20 36 38 31 2E 30 20 20 20 30 2E 31 32 38 0D 0A  681.0   0.128..
000021 01:02:03.640  20 36 38 30 2E 30 20 20 20 30 2E 31 32 38 0D 0A  680.0   0.128..
000022 01:02:03.671  20 36 37 39 2E 30 20 20 20 30 2E 31 32 38 0D 0A  679.0   0.128..
000023 01:02:03.687  20 36 37 38 2E 30 20 20 20 30 2E 31 32 38 0D 0A  678.0   0.128..
000024 01:02:03.703  20 36 37 37 2E 30 20 20 20 30 2E 31 32 39 0D 0A  677.0   0.129..
000025 01:02:03.718  20 36 37 36 2E 30 20 20 20 30 2E 31 32 39 0D 0A  676.0   0.129..
000026 01:02:03.734  20 36 37 35 2E 30 20 20 20 30 2E 31 33 30 0D 0A  675.0   0.130..
000027 01:02:03.750  20 36 37 34 2E 30 20 20 20 30 2E 31 33 30 0D 0A  674.0   0.130..
000028 01:02:03.765  20 36 37 33 2E 30 20 20 20 30 2E 31 33 30 0D 0A  673.0   0.130..
000029 01:02:03.796  20 36 37 32 2E 30 20 20 20 30 2E 31 33 31 0D 0A  672.0   0.131..
000030 01:02:03.812  20 36 37 31 2E 30 20 20 20 30 2E 31 33 31 0D 0A  671.0   0.131..
000031 01:02:03.828  20 36 37 30 2E 30 20 20 20 30 2E 31 33 31 0D 0A  670.0   0.131..
000032 01:02:03.843  20 36 36 39 2E 30 20 20 20 30 2E 31 33 31 0D 0A  669.0   0.131..
000033 01:02:03.843  20 36 36 38 2E 30 20 20 20 30 2E 31 33 32 0D 0A  668.0   0.132..
000034 01:02:03.859  20 36 36 37 2E 30 20 20 20 30 2E 31 33 32 0D 0A  667.0   0.132..
000035 01:02:03.875  20 36 36 36 2E 30 20 20 20 30 2E 31 33 33 0D 0A  666.0   0.133..
000036 01:02:03.906  20 36 36 35 2E 30 20 20 20 30 2E 31 33 33 0D 0A  665.0   0.133..
000037 01:02:03.921  20 36 36 34 2E 30 20 20 20 30 2E 31 33 34 0D 0A  664.0   0.134..
000038 01:02:03.937  20 36 36 33 2E 30 20 20 20 30 2E 31 33 34 0D 0A  663.0   0.134..
000039 01:02:03.953  20 36 36 32 2E 30 20 20 20 30 2E 31 33 34 0D 0A  662.0   0.134..
000040 01:02:03.968  20 36 36 31 2E 30 20 20 20 30 2E 31 33 34 0D 0A  661.0   0.134..
000041 01:02:03.984  20 36 36 30 2E 30 20 20 20 30 2E 31 33 34 0D 0A  660.0   0.134..
000042 01:02:04.000  20 36 35 39 2E 30 20 20 20 30 2E 31 33 35 0D 0A  659.0   0.135..
000043 01:02:04.031  20 36 35 38 2E 30 20 20 20 30 2E 31 33 35 0D 0A  658.0   0.135..
000044 01:02:04.046  20 36 35 37 2E 30 20 20 20 30 2E 31 33 36 0D 0A  657.0   0.136..
000045 01:02:04.062  20 36 35 36 2E 30 20 20 20 30 2E 31 33 36 0D 0A  656.0   0.136..
000046 01:02:04.078  20 36 35 35 2E 30 20 20 20 30 2E 31 33 37 0D 0A  655.0   0.137..
000047 01:02:04.093  20 36 35 34 2E 30 20 20 20 30 2E 31 33 37 0D 0A  654.0   0.137..
000048 01:02:04.109  20 36 35 33 2E 30 20 20 20 30 2E 31 33 37 0D 0A  653.0   0.137..
000049 01:02:04.109  20 36 35 32 2E 30 20 20 20 30 2E 31 33 38 0D 0A  652.0   0.138..
000050 01:02:04.140  20 36 35 31 2E 30 20 20 20 30 2E 31 33 38 0D 0A  651.0   0.138..
000051 01:02:04.156  20 36 35 30 2E 30 20 20 20 30 2E 31 33 39 0D 0A  650.0   0.139..
000052 01:02:04.171  20 36 34 39 2E 30 20 20 20 30 2E 31 33 39 0D 0A  649.0   0.139..
000053 01:02:04.187  20 36 34 38 2E 30 20 20 20 30 2E 31 34 30 0D 0A  648.0   0.140..
000054 01:02:04.203  20 36 34 37 2E 30 20 20 20 30 2E 31 34 30 0D 0A  647.0   0.140..
000055 01:02:04.218  20 36 34 36 2E 30 20 20 20 30 2E 31 34 31 0D 0A  646.0   0.141..
000056 01:02:04.234  20 36 34 35 2E 30 20 20 20 30 2E 31 34 31 0D 0A  645.0   0.141..
000057 01:02:04.281  20 36 34 34 2E 30 20 20 20 30 2E 31 34 31 0D 0A  644.0   0.141..
000058 01:02:04.281  20 36 34 33 2E 30 20 20 20 30 2E 31 34 31 0D 0A  643.0   0.141..
000059 01:02:04.296  20 36 34 32 2E 30 20 20 20 30 2E 31 34 31 0D 0A  642.0   0.141..
000060 01:02:04.312  20 36 34 31 2E 30 20 20 20 30 2E 31 34 32 0D 0A  641.0   0.142..
000061 01:02:04.328  20 36 34 30 2E 30 20 20 20 30 2E 31 34 32 0D 0A  640.0   0.142..
000062 01:02:04.343  20 36 33 39 2E 30 20 20 20 30 2E 31 34 32 0D 0A  639.0   0.142..
000063 01:02:04.359  20 36 33 38 2E 30 20 20 20 30 2E 31 34 33 0D 0A  638.0   0.143..
000064 01:02:04.375  20 36 33 37 2E 30 20 20 20 30 2E 31 34 34 0D 0A  637.0   0.144..
000065 01:02:04.390  20 36 33 36 2E 30 20 20 20 30 2E 31 34 35 0D 0A  636.0   0.145..
000066 01:02:04.406  20 36 33 35 2E 30 20 20 20 30 2E 31 34 36 0D 0A  635.0   0.146..
000067 01:02:04.421  20 36 33 34 2E 30 20 20 20 30 2E 31 34 37 0D 0A  634.0   0.147..
000068 01:02:04.437  20 36 33 33 2E 30 20 20 20 30 2E 31 34 37 0D 0A  633.0   0.147..
000069 01:02:04.453  20 36 33 32 2E 30 20 20 20 30 2E 31 34 38 0D 0A  632.0   0.148..
000070 01:02:04.468  20 36 33 31 2E 30 20 20 20 30 2E 31 34 38 0D 0A  631.0   0.148..
000071 01:02:04.500  20 36 33 30 2E 30 20 20 20 30 2E 31 34 38 0D 0A  630.0   0.148..
000072 01:02:04.515  20 36 32 39 2E 30 20 20 20 30 2E 31 34 39 0D 0A  629.0   0.149..
000073 01:02:04.531  20 36 32 38 2E 30 20 20 20 30 2E 31 34 39 0D 0A  628.0   0.149..
000074 01:02:04.546  20 36 32 37 2E 30 20 20 20 30 2E 31 34 39 0D 0A  627.0   0.149..
000075 01:02:04.562  20 36 32 36 2E 30 20 20 20 30 2E 31 34 39 0D 0A  626.0   0.149..
000076 01:02:04.578  20 36 32 35 2E 30 20 20 20 30 2E 31 35 30 0D 0A  625.0   0.150..
000077 01:02:04.593  20 36 32 34 2E 30 20 20 20 30 2E 31 35 30 0D 0A  624.0   0.150..
000078 01:02:04.625  20 36 32 33 2E 30 20 20 20 30 2E 31 35 31 0D 0A  623.0   0.151..
000079 01:02:04.640  20 36 32 32 2E 30 20 20 20 30 2E 31 35 31 0D 0A  622.0   0.151..
000080 01:02:04.640  20 36 32 31 2E 30 20 20 20 30 2E 31 35 31 0D 0A  621.0   0.151..
000081 01:02:04.656  20 36 32 30 2E 30 20 20 20 30 2E 31 35 31 0D 0A  620.0   0.151..
000082 01:02:04.703  20 36 31 39 2E 30 20 20 20 30 2E 31 35 32 0D 0A  619.0   0.152..
000083 01:02:04.703  20 36 31 38 2E 30 20 20 20 30 2E 31 35 32 0D 0A  618.0   0.152..
000084 01:02:04.703  20 36 31 37 2E 30 20 20 20 30 2E 31 35 32 0D 0A  617.0   0.152..
000085 01:02:04.734  20 36 31 36 2E 30 20 20 20 30 2E 31 35 33 0D 0A  616.0   0.153..
000086 01:02:04.750  20 36 31 35 2E 30 20 20 20 30 2E 31 35 33 0D 0A  615.0   0.153..
000087 01:02:04.765  20 36 31 34 2E 30 20 20 20 30 2E 31 35 33 0D 0A  614.0   0.153..
000088 01:02:04.781  20 36 31 33 2E 30 20 20 20 30 2E 31 35 34 0D 0A  613.0   0.154..
000089 01:02:04.796  20 36 31 32 2E 30 20 20 20 30 2E 31 35 34 0D 0A  612.0   0.154..
000090 01:02:04.812  20 36 31 31 2E 30 20 20 20 30 2E 31 35 34 0D 0A  611.0   0.154..
000091 01:02:04.828  20 36 31 30 2E 30 20 20 20 30 2E 31 35 35 0D 0A  610.0   0.155..
000092 01:02:04.859  20 36 30 39 2E 30 20 20 20 30 2E 31 35 35 0D 0A  609.0   0.155..
000093 01:02:04.875  20 36 30 38 2E 30 20 20 20 30 2E 31 35 36 0D 0A  608.0   0.156..
000094 01:02:04.890  20 36 30 37 2E 30 20 20 20 30 2E 31 35 36 0D 0A  607.0   0.156..
000095 01:02:04.890  20 36 30 36 2E 30 20 20 20 30 2E 31 35 36 0D 0A  606.0   0.156..
000096 01:02:04.906  20 36 30 35 2E 30 20 20 20 30 2E 31 35 36 0D 0A  605.0   0.156..
000097 01:02:04.921  20 36 30 34 2E 30 20 20 20 30 2E 31 35 37 0D 0A  604.0   0.157..
000098 01:02:04.937  20 36 30 33 2E 30 20 20 20 30 2E 31 35 37 0D 0A  603.0   0.157..
000099 01:02:04.968  20 36 30 32 2E 30 20 20 20 30 2E 31 35 38 0D 0A  602.0   0.158..
000100 01:02:04.984  20 36 30 31 2E 30 20 20 20 30 2E 31 35 38 0D 0A  601.0   0.158..
000101 01:02:05.000  20 36 30 30 2E 30 20 20 20 30 2E 31 35 39 0D 0A  600.0   0.159..
000102 01:02:05.015  20 35 39 39 2E 30 20 20 20 30 2E 31 35 39 0D 0A  599.0   0.159..
000103 01:02:05.031  20 35 39 38 2E 30 20 20 20 30 2E 31 35 39 0D 0A  598.0   0.159..
000104 01:02:05.046  20 35 39 37 2E 30 20 20 20 30 2E 31 36 30 0D 0A  597.0   0.160..
000105 01:02:05.062  20 35 39 36 2E 30 20 20 20 30 2E 31 36 30 0D 0A  596.0   0.160..
000106 01:02:05.093  20 35 39 35 2E 30 20 20 20 30 2E 31 36 31 0D 0A  595.0   0.161..
000107 01:02:05.109  20 35 39 34 2E 30 20 20 20 30 2E 31 36 31 0D 0A  594.0   0.161..
000108 01:02:05.125  20 35 39 33 2E 30 20 20 20 30 2E 31 36 31 0D 0A  593.0   0.161..
000109 01:02:05.140  20 35 39 32 2E 30 20 20 20 30 2E 31 36 32 0D 0A  592.0   0.162..
000110 01:02:05.156  20 35 39 31 2E 30 20 20 20 30 2E 31 36 32 0D 0A  591.0   0.162..
000111 01:02:05.156  20 35 39 30 2E 30 20 20 20 30 2E 31 36 32 0D 0A  590.0   0.162..
000112 01:02:05.171  20 35 38 39 2E 30 20 20 20 30 2E 31 36 33 0D 0A  589.0   0.163..
000113 01:02:05.203  20 35 38 38 2E 30 20 20 20 30 2E 31 36 34 0D 0A  588.0   0.164..
000114 01:02:05.218  20 35 38 37 2E 30 20 20 20 30 2E 31 36 34 0D 0A  587.0   0.164..
000115 01:02:05.234  20 35 38 36 2E 30 20 20 20 30 2E 31 36 35 0D 0A  586.0   0.165..
000116 01:02:05.250  20 35 38 35 2E 30 20 20 20 30 2E 31 36 35 0D 0A  585.0   0.165..
000117 01:02:05.265  20 35 38 34 2E 30 20 20 20 30 2E 31 36 36 0D 0A  584.0   0.166..
000118 01:02:05.281  20 35 38 33 2E 30 20 20 20 30 2E 31 36 36 0D 0A  583.0   0.166..
000119 01:02:05.296  20 35 38 32 2E 30 20 20 20 30 2E 31 36 36 0D 0A  582.0   0.166..
000120 01:02:05.328  20 35 38 31 2E 30 20 20 20 30 2E 31 36 37 0D 0A  581.0   0.167..
000121 01:02:05.359  20 35 38 30 2E 30 20 20 20 30 2E 31 36 38 0D 0A  580.0   0.168..
000122 01:02:05.359  20 35 37 39 2E 30 20 20 20 30 2E 31 36 38 0D 0A  579.0   0.168..
000123 01:02:05.375  20 35 37 38 2E 30 20 20 20 30 2E 31 36 38 0D 0A  578.0   0.168..
000124 01:02:05.390  20 35 37 37 2E 30 20 20 20 30 2E 31 36 39 0D 0A  577.0   0.169..
000125 01:02:05.406  20 35 37 36 2E 30 20 20 20 30 2E 31 36 39 0D 0A  576.0   0.169..
000126 01:02:05.421  20 35 37 35 2E 30 20 20 20 30 2E 31 37 30 0D 0A  575.0   0.170..
000127 01:02:05.437  20 35 37 34 2E 30 20 20 20 30 2E 31 37 30 0D 0A  574.0   0.170..
000128 01:02:05.453  20 35 37 33 2E 30 20 20 20 30 2E 31 37 31 0D 0A  573.0   0.171..
000129 01:02:05.468  20 35 37 32 2E 30 20 20 20 30 2E 31 37 31 0D 0A  572.0   0.171..
000130 01:02:05.484  20 35 37 31 2E 30 20 20 20 30 2E 31 37 32 0D 0A  571.0   0.172..
000131 01:02:05.500  20 35 37 30 2E 30 20 20 20 30 2E 31 37 32 0D 0A  570.0   0.172..
000132 01:02:05.515  20 35 36 39 2E 30 20 20 20 30 2E 31 37 33 0D 0A  569.0   0.173..
000133 01:02:05.531  20 35 36 38 2E 30 20 20 20 30 2E 31 37 33 0D 0A  568.0   0.173..
000134 01:02:05.562  20 35 36 37 2E 30 20 20 20 30 2E 31 37 33 0D 0A  567.0   0.173..
000135 01:02:05.578  20 35 36 36 2E 30 20 20 20 30 2E 31 37 34 0D 0A  566.0   0.174..
000136 01:02:05.593  20 35 36 35 2E 30 20 20 20 30 2E 31 37 35 0D 0A  565.0   0.175..
000137 01:02:05.609  20 35 36 34 2E 30 20 20 20 30 2E 31 37 35 0D 0A  564.0   0.175..
000138 01:02:05.625  20 35 36 33 2E 30 20 20 20 30 2E 31 37 35 0D 0A  563.0   0.175..
000139 01:02:05.640  20 35 36 32 2E 30 20 20 20 30 2E 31 37 36 0D 0A  562.0   0.176..
000140 01:02:05.656  20 35 36 31 2E 30 20 20 20 30 2E 31 37 36 0D 0A  561.0   0.176..
000141 01:02:05.687  20 35 36 30 2E 30 20 20 20 30 2E 31 37 37 0D 0A  560.0   0.177..
000142 01:02:05.687  20 35 35 39 2E 30 20 20 20 30 2E 31 37 38 0D 0A  559.0   0.178..
000143 01:02:05.703  20 35 35 38 2E 30 20 20 20 30 2E 31 37 38 0D 0A  558.0   0.178..
000144 01:02:05.718  20 35 35 37 2E 30 20 20 20 30 2E 31 37 39 0D 0A  557.0   0.179..
000145 01:02:05.734  20 35 35 36 2E 30 20 20 20 30 2E 31 37 39 0D 0A  556.0   0.179..
000146 01:02:05.765  20 35 35 35 2E 30 20 20 20 30 2E 31 38 30 0D 0A  555.0   0.180..
000147 01:02:05.765  20 35 35 34 2E 30 20 20 20 30 2E 31 38 30 0D 0A  554.0   0.180..
000148 01:02:05.796  20 35 35 33 2E 30 20 20 20 30 2E 31 38 31 0D 0A  553.0   0.181..
000149 01:02:05.812  20 35 35 32 2E 30 20 20 20 30 2E 31 38 31 0D 0A  552.0   0.181..
000150 01:02:05.828  20 35 35 31 2E 30 20 20 20 30 2E 31 38 32 0D 0A  551.0   0.182..
000151 01:02:05.843  20 35 35 30 2E 30 20 20 20 30 2E 31 38 33 0D 0A  550.0   0.183..
000152 01:02:05.859  20 35 34 39 2E 30 20 20 20 30 2E 31 38 33 0D 0A  549.0   0.183..
000153 01:02:05.906  20 35 34 38 2E 30 20 20 20 30 2E 31 38 34 0D 0A  548.0   0.184..
000154 01:02:05.906  20 35 34 37 2E 30 20 20 20 30 2E 31 38 35 0D 0A  547.0   0.185..
000155 01:02:05.921  20 35 34 36 2E 30 20 20 20 30 2E 31 38 35 0D 0A  546.0   0.185..
000156 01:02:05.937  20 35 34 35 2E 30 20 20 20 30 2E 31 38 36 0D 0A  545.0   0.186..
000157 01:02:05.953  20 35 34 34 2E 30 20 20 20 30 2E 31 38 37 0D 0A  544.0   0.187..
000158 01:02:05.953  20 35 34 33 2E 30 20 20 20 30 2E 31 38 38 0D 0A  543.0   0.188..
000159 01:02:05.984  20 35 34 32 2E 30 20 20 20 30 2E 31 38 38 0D 0A  542.0   0.188..
000160 01:02:05.984  20 35 34 31 2E 30 20 20 20 30 2E 31 39 30 0D 0A  541.0   0.190..
000161 01:02:06.000  20 35 34 30 2E 30 20 20 20 30 2E 31 39 30 0D 0A  540.0   0.190..
000162 01:02:06.031  20 35 33 39 2E 30 20 20 20 30 2E 31 39 31 0D 0A  539.0   0.191..
000163 01:02:06.046  20 35 33 38 2E 30 20 20 20 30 2E 31 39 32 0D 0A  538.0   0.192..
000164 01:02:06.062  20 35 33 37 2E 30 20 20 20 30 2E 31 39 33 0D 0A  537.0   0.193..
000165 01:02:06.078  20 35 33 36 2E 30 20 20 20 30 2E 31 38 39 0D 0A  536.0   0.189..
000166 01:02:06.093  20 35 33 35 2E 30 20 20 20 30 2E 31 39 30 0D 0A  535.0   0.190..
000167 01:02:06.109  20 35 33 34 2E 30 20 20 20 30 2E 31 39 30 0D 0A  534.0   0.190..
000168 01:02:06.125  20 35 33 33 2E 30 20 20 20 30 2E 31 39 31 0D 0A  533.0   0.191..
000169 01:02:06.156  20 35 33 32 2E 30 20 20 20 30 2E 31 39 31 0D 0A  532.0   0.191..
000170 01:02:06.171  20 35 33 31 2E 30 20 20 20 30 2E 31 39 32 0D 0A  531.0   0.192..
000171 01:02:06.187  20 35 33 30 2E 30 20 20 20 30 2E 31 39 32 0D 0A  530.0   0.192..
000172 01:02:06.203  20 35 32 39 2E 30 20 20 20 30 2E 31 39 33 0D 0A  529.0   0.193..
000173 01:02:06.203  20 35 32 38 2E 30 20 20 20 30 2E 31 39 34 0D 0A  528.0   0.194..
000174 01:02:06.218  20 35 32 37 2E 30 20 20 20 30 2E 31 39 34 0D 0A  527.0   0.194..
000175 01:02:06.234  20 35 32 36 2E 30 20 20 20 30 2E 31 39 35 0D 0A  526.0   0.195..
000176 01:02:06.265  20 35 32 35 2E 30 20 20 20 30 2E 31 39 35 0D 0A  525.0   0.195..
000177 01:02:06.281  20 35 32 34 2E 30 20 20 20 30 2E 31 39 36 0D 0A  524.0   0.196..
000178 01:02:06.296  20 35 32 33 2E 30 20 20 20 30 2E 31 39 36 0D 0A  523.0   0.196..
000179 01:02:06.312  20 35 32 32 2E 30 20 20 20 30 2E 31 39 37 0D 0A  522.0   0.197..
000180 01:02:06.328  20 35 32 31 2E 30 20 20 20 30 2E 31 39 38 0D 0A  521.0   0.198..
000181 01:02:06.343  20 35 32 30 2E 30 20 20 20 30 2E 31 39 38 0D 0A  520.0   0.198..
000182 01:02:06.359  20 35 31 39 2E 30 20 20 20 30 2E 31 39 39 0D 0A  519.0   0.199..
000183 01:02:06.390  20 35 31 38 2E 30 20 20 20 30 2E 32 30 30 0D 0A  518.0   0.200..
000184 01:02:06.406  20 35 31 37 2E 30 20 20 20 30 2E 32 30 30 0D 0A  517.0   0.200..
000185 01:02:06.421  20 35 31 36 2E 30 20 20 20 30 2E 32 30 31 0D 0A  516.0   0.201..
000186 01:02:06.437  20 35 31 35 2E 30 20 20 20 30 2E 32 30 32 0D 0A  515.0   0.202..
000187 01:02:06.453  20 35 31 34 2E 30 20 20 20 30 2E 32 30 32 0D 0A  514.0   0.202..
000188 01:02:06.468  20 35 31 33 2E 30 20 20 20 30 2E 32 30 33 0D 0A  513.0   0.203..
000189 01:02:06.468  20 35 31 32 2E 30 20 20 20 30 2E 32 30 34 0D 0A  512.0   0.204..
000190 01:02:06.500  20 35 31 31 2E 30 20 20 20 30 2E 32 30 34 0D 0A  511.0   0.204..
000191 01:02:06.515  20 35 31 30 2E 30 20 20 20 30 2E 32 30 35 0D 0A  510.0   0.205..
000192 01:02:06.531  20 35 30 39 2E 30 20 20 20 30 2E 32 30 35 0D 0A  509.0   0.205..
000193 01:02:06.546  20 35 30 38 2E 30 20 20 20 30 2E 32 30 36 0D 0A  508.0   0.206..
000194 01:02:06.562  20 35 30 37 2E 30 20 20 20 30 2E 32 30 37 0D 0A  507.0   0.207..
000195 01:02:06.578  20 35 30 36 2E 30 20 20 20 30 2E 32 30 37 0D 0A  506.0   0.207..
000196 01:02:06.593  20 35 30 35 2E 30 20 20 20 30 2E 32 30 38 0D 0A  505.0   0.208..
000197 01:02:06.625  20 35 30 34 2E 30 20 20 20 30 2E 32 30 39 0D 0A  504.0   0.209..
000198 01:02:06.640  20 35 30 33 2E 30 20 20 20 30 2E 32 30 39 0D 0A  503.0   0.209..
000199 01:02:06.656  20 35 30 32 2E 30 20 20 20 30 2E 32 31 30 0D 0A  502.0   0.210..
000200 01:02:06.671  20 35 30 31 2E 30 20 20 20 30 2E 32 31 30 0D 0A  501.0   0.210..
000201 01:02:06.687  20 35 30 30 2E 30 20 20 20 30 2E 32 31 31 0D 0A  500.0   0.211..
000202 01:02:06.703  20 34 39 39 2E 30 20 20 20 30 2E 32 31 32 0D 0A  499.0   0.212..
000203 01:02:06.718  20 34 39 38 2E 30 20 20 20 30 2E 32 31 32 0D 0A  498.0   0.212..
000204 01:02:06.734  20 34 39 37 2E 30 20 20 20 30 2E 32 31 33 0D 0A  497.0   0.213..
000205 01:02:06.750  20 34 39 36 2E 30 20 20 20 30 2E 32 31 34 0D 0A  496.0   0.214..
000206 01:02:06.765  20 34 39 35 2E 30 20 20 20 30 2E 32 31 34 0D 0A  495.0   0.214..
000207 01:02:06.781  20 34 39 34 2E 30 20 20 20 30 2E 32 31 35 0D 0A  494.0   0.215..
000208 01:02:06.796  20 34 39 33 2E 30 20 20 20 30 2E 32 31 35 0D 0A  493.0   0.215..
000209 01:02:06.812  20 34 39 32 2E 30 20 20 20 30 2E 32 31 36 0D 0A  492.0   0.216..
000210 01:02:06.828  20 34 39 31 2E 30 20 20 20 30 2E 32 31 37 0D 0A  491.0   0.217..
000211 01:02:06.859  20 34 39 30 2E 30 20 20 20 30 2E 32 31 38 0D 0A  490.0   0.218..
000212 01:02:06.875  20 34 38 39 2E 30 20 20 20 30 2E 32 31 38 0D 0A  489.0   0.218..
000213 01:02:06.890  20 34 38 38 2E 30 20 20 20 30 2E 32 31 38 0D 0A  488.0   0.218..
000214 01:02:06.906  20 34 38 37 2E 30 20 20 20 30 2E 32 31 39 0D 0A  487.0   0.219..
000215 01:02:06.921  20 34 38 36 2E 30 20 20 20 30 2E 32 32 30 0D 0A  486.0   0.220..
000216 01:02:06.937  20 34 38 35 2E 30 20 20 20 30 2E 32 32 31 0D 0A  485.0   0.221..
000217 01:02:06.953  20 34 38 34 2E 30 20 20 20 30 2E 32 32 31 0D 0A  484.0   0.221..
000218 01:02:06.984  20 34 38 33 2E 30 20 20 20 30 2E 32 32 32 0D 0A  483.0   0.222..
000219 01:02:07.000  20 34 38 32 2E 30 20 20 20 30 2E 32 32 33 0D 0A  482.0   0.223..
000220 01:02:07.000  20 34 38 31 2E 30 20 20 20 30 2E 32 32 33 0D 0A  481.0   0.223..
000221 01:02:07.015  20 34 38 30 2E 30 20 20 20 30 2E 32 32 34 0D 0A  480.0   0.224..
000222 01:02:07.031  20 34 37 39 2E 30 20 20 20 30 2E 32 32 35 0D 0A  479.0   0.225..
000223 01:02:07.046  20 34 37 38 2E 30 20 20 20 30 2E 32 32 35 0D 0A  478.0   0.225..
000224 01:02:07.062  20 34 37 37 2E 30 20 20 20 30 2E 32 32 36 0D 0A  477.0   0.226..
000225 01:02:07.093  20 34 37 36 2E 30 20 20 20 30 2E 32 32 37 0D 0A  476.0   0.227..
000226 01:02:07.109  20 34 37 35 2E 30 20 20 20 30 2E 32 32 37 0D 0A  475.0   0.227..
000227 01:02:07.125  20 34 37 34 2E 30 20 20 20 30 2E 32 32 38 0D 0A  474.0   0.228..
000228 01:02:07.140  20 34 37 33 2E 30 20 20 20 30 2E 32 32 39 0D 0A  473.0   0.229..
000229 01:02:07.156  20 34 37 32 2E 30 20 20 20 30 2E 32 33 30 0D 0A  472.0   0.230..
000230 01:02:07.171  20 34 37 31 2E 30 20 20 20 30 2E 32 33 30 0D 0A  471.0   0.230..
000231 01:02:07.187  20 34 37 30 2E 30 20 20 20 30 2E 32 33 31 0D 0A  470.0   0.231..
000232 01:02:07.218  20 34 36 39 2E 30 20 20 20 30 2E 32 33 32 0D 0A  469.0   0.232..
000233 01:02:07.234  20 34 36 38 2E 30 20 20 20 30 2E 32 33 33 0D 0A  468.0   0.233..
000234 01:02:07.250  20 34 36 37 2E 30 20 20 20 30 2E 32 33 34 0D 0A  467.0   0.234..
000235 01:02:07.250  20 34 36 36 2E 30 20 20 20 30 2E 32 33 34 0D 0A  466.0   0.234..
000236 01:02:07.265  20 34 36 35 2E 30 20 20 20 30 2E 32 33 35 0D 0A  465.0   0.235..
000237 01:02:07.281  20 34 36 34 2E 30 20 20 20 30 2E 32 33 35 0D 0A  464.0   0.235..
000238 01:02:07.296  20 34 36 33 2E 30 20 20 20 30 2E 32 33 36 0D 0A  463.0   0.236..
000239 01:02:07.328  20 34 36 32 2E 30 20 20 20 30 2E 32 33 37 0D 0A  462.0   0.237..
000240 01:02:07.343  20 34 36 31 2E 30 20 20 20 30 2E 32 33 37 0D 0A  461.0   0.237..
000241 01:02:07.359  20 34 36 30 2E 30 20 20 20 30 2E 32 33 38 0D 0A  460.0   0.238..
000242 01:02:07.375  20 34 35 39 2E 30 20 20 20 30 2E 32 33 39 0D 0A  459.0   0.239..
000243 01:02:07.390  20 34 35 38 2E 30 20 20 20 30 2E 32 34 30 0D 0A  458.0   0.240..
000244 01:02:07.406  20 34 35 37 2E 30 20 20 20 30 2E 32 34 31 0D 0A  457.0   0.241..
000245 01:02:07.421  20 34 35 36 2E 30 20 20 20 30 2E 32 34 32 0D 0A  456.0   0.242..
000246 01:02:07.453  20 34 35 35 2E 30 20 20 20 30 2E 32 34 34 0D 0A  455.0   0.244..
000247 01:02:07.468  20 34 35 34 2E 30 20 20 20 30 2E 32 34 35 0D 0A  454.0   0.245..
000248 01:02:07.484  20 34 35 33 2E 30 20 20 20 30 2E 32 34 36 0D 0A  453.0   0.246..
000249 01:02:07.500  20 34 35 32 2E 30 20 20 20 30 2E 32 34 37 0D 0A  452.0   0.247..
000250 01:02:07.515  20 34 35 31 2E 30 20 20 20 30 2E 32 34 39 0D 0A  451.0   0.249..
000251 01:02:07.515  20 34 35 30 2E 30 20 20 20 30 2E 32 35 30 0D 0A  450.0   0.250..
000252 01:02:07.531  20 34 34 39 2E 30 20 20 20 30 2E 32 35 31 0D 0A  449.0   0.251..
000253 01:02:07.562  20 34 34 38 2E 30 20 20 20 30 2E 32 35 33 0D 0A  448.0   0.253..
000254 01:02:07.578  20 34 34 37 2E 30 20 20 20 30 2E 32 35 34 0D 0A  447.0   0.254..
000255 01:02:07.593  20 34 34 36 2E 30 20 20 20 30 2E 32 35 35 0D 0A  446.0   0.255..
000256 01:02:07.609  20 34 34 35 2E 30 20 20 20 30 2E 32 35 37 0D 0A  445.0   0.257..
000257 01:02:07.625  20 34 34 34 2E 30 20 20 20 30 2E 32 35 37 0D 0A  444.0   0.257..
000258 01:02:07.640  20 34 34 33 2E 30 20 20 20 30 2E 32 35 38 0D 0A  443.0   0.258..
000259 01:02:07.656  20 34 34 32 2E 30 20 20 20 30 2E 32 35 39 0D 0A  442.0   0.259..
000260 01:02:07.687  20 34 34 31 2E 30 20 20 20 30 2E 32 36 30 0D 0A  441.0   0.260..
000261 01:02:07.703  20 34 34 30 2E 30 20 20 20 30 2E 32 36 32 0D 0A  440.0   0.262..
000262 01:02:07.718  20 34 33 39 2E 30 20 20 20 30 2E 32 36 33 0D 0A  439.0   0.263..
000263 01:02:07.750  20 34 33 38 2E 30 20 20 20 30 2E 32 36 34 0D 0A  438.0   0.264..
000264 01:02:07.750  20 34 33 37 2E 30 20 20 20 30 2E 32 36 36 0D 0A  437.0   0.266..
000265 01:02:07.765  20 34 33 36 2E 30 20 20 20 30 2E 32 36 37 0D 0A  436.0   0.267..
000266 01:02:07.781  20 34 33 35 2E 30 20 20 20 30 2E 32 36 38 0D 0A  435.0   0.268..
000267 01:02:07.796  20 34 33 34 2E 30 20 20 20 30 2E 32 37 31 0D 0A  434.0   0.271..
000268 01:02:07.812  20 34 33 33 2E 30 20 20 20 30 2E 32 37 32 0D 0A  433.0   0.272..
000269 01:02:07.828  20 34 33 32 2E 30 20 20 20 30 2E 32 37 34 0D 0A  432.0   0.274..
000270 01:02:07.843  20 34 33 31 2E 30 20 20 20 30 2E 32 37 36 0D 0A  431.0   0.276..
000271 01:02:07.859  20 34 33 30 2E 30 20 20 20 30 2E 32 37 38 0D 0A  430.0   0.278..
000272 01:02:07.875  20 34 32 39 2E 30 20 20 20 30 2E 32 38 31 0D 0A  429.0   0.281..
000273 01:02:07.890  20 34 32 38 2E 30 20 20 20 30 2E 32 38 33 0D 0A  428.0   0.283..
000274 01:02:07.921  20 34 32 37 2E 30 20 20 20 30 2E 32 38 36 0D 0A  427.0   0.286..
000275 01:02:07.937  20 34 32 36 2E 30 20 20 20 30 2E 32 38 39 0D 0A  426.0   0.289..
000276 01:02:07.953  20 34 32 35 2E 30 20 20 20 30 2E 32 39 33 0D 0A  425.0   0.293..
000277 01:02:07.968  20 34 32 34 2E 30 20 20 20 30 2E 32 39 36 0D 0A  424.0   0.296..
000278 01:02:07.984  20 34 32 33 2E 30 20 20 20 30 2E 33 30 30 0D 0A  423.0   0.300..
000279 01:02:08.000  20 34 32 32 2E 30 20 20 20 30 2E 33 30 34 0D 0A  422.0   0.304..
000280 01:02:08.015  20 34 32 31 2E 30 20 20 20 30 2E 33 30 38 0D 0A  421.0   0.308..
000281 01:02:08.046  20 34 32 30 2E 30 20 20 20 30 2E 33 31 33 0D 0A  420.0   0.313..
000282 01:02:08.046  20 34 31 39 2E 30 20 20 20 30 2E 33 31 37 0D 0A  419.0   0.317..
000283 01:02:08.062  20 34 31 38 2E 30 20 20 20 30 2E 33 32 33 0D 0A  418.0   0.323..
000284 01:02:08.078  20 34 31 37 2E 30 20 20 20 30 2E 33 32 39 0D 0A  417.0   0.329..
000285 01:02:08.093  20 34 31 36 2E 30 20 20 20 30 2E 33 33 34 0D 0A  416.0   0.334..
000286 01:02:08.109  20 34 31 35 2E 30 20 20 20 30 2E 33 33 39 0D 0A  415.0   0.339..
000287 01:02:08.125  20 34 31 34 2E 30 20 20 20 30 2E 33 34 35 0D 0A  414.0   0.345..
000288 01:02:08.156  20 34 31 33 2E 30 20 20 20 30 2E 33 35 32 0D 0A  413.0   0.352..
000289 01:02:08.171  20 34 31 32 2E 30 20 20 20 30 2E 33 36 30 0D 0A  412.0   0.360..
000290 01:02:08.187  20 34 31 31 2E 30 20 20 20 30 2E 33 36 37 0D 0A  411.0   0.367..
000291 01:02:08.203  20 34 31 30 2E 30 20 20 20 30 2E 33 37 34 0D 0A  410.0   0.374..
000292 01:02:08.218  20 34 30 39 2E 30 20 20 20 30 2E 33 38 30 0D 0A  409.0   0.380..
000293 01:02:08.234  20 34 30 38 2E 30 20 20 20 30 2E 33 38 36 0D 0A  408.0   0.386..
000294 01:02:08.250  20 34 30 37 2E 30 20 20 20 30 2E 33 39 30 0D 0A  407.0   0.390..
000295 01:02:08.296  20 34 30 36 2E 30 20 20 20 30 2E 33 39 34 0D 0A  406.0   0.394..
000296 01:02:08.296  20 34 30 35 2E 30 20 20 20 30 2E 33 39 36 0D 0A  405.0   0.396..
000297 01:02:08.312  20 34 30 34 2E 30 20 20 20 30 2E 33 39 37 0D 0A  404.0   0.397..
000298 01:02:08.312  20 34 30 33 2E 30 20 20 20 30 2E 33 39 37 0D 0A  403.0   0.397..
000299 01:02:08.328  20 34 30 32 2E 30 20 20 20 30 2E 33 39 37 0D 0A  402.0   0.397..
000300 01:02:08.343  20 34 30 31 2E 30 20 20 20 30 2E 33 39 35 0D 0A  401.0   0.395..
000301 01:02:08.359  20 34 30 30 2E 30 20 20 20 30 2E 33 39 33 0D 0A  400.0   0.393..
000302 01:02:08.390  20 33 39 39 2E 30 20 20 20 30 2E 33 39 30 0D 0A  399.0   0.390..
000303 01:02:08.406  20 33 39 38 2E 30 20 20 20 30 2E 33 38 38 0D 0A  398.0   0.388..
000304 01:02:08.421  20 33 39 37 2E 30 20 20 20 30 2E 33 38 35 0D 0A  397.0   0.385..
000305 01:02:08.437  20 33 39 36 2E 30 20 20 20 30 2E 33 38 32 0D 0A  396.0   0.382..
000306 01:02:08.453  20 33 39 35 2E 30 20 20 20 30 2E 33 38 30 0D 0A  395.0   0.380..
000307 01:02:08.468  20 33 39 34 2E 30 20 20 20 30 2E 33 37 38 0D 0A  394.0   0.378..
000308 01:02:08.484  20 33 39 33 2E 30 20 20 20 30 2E 33 37 35 0D 0A  393.0   0.375..
000309 01:02:08.515  20 33 39 32 2E 30 20 20 20 30 2E 33 37 34 0D 0A  392.0   0.374..
000310 01:02:08.531  20 33 39 31 2E 30 20 20 20 30 2E 33 37 32 0D 0A  391.0   0.372..
000311 01:02:08.546  20 33 39 30 2E 30 20 20 20 30 2E 33 37 30 0D 0A  390.0   0.370..
000312 01:02:08.562  20 33 38 39 2E 30 20 20 20 30 2E 33 36 39 0D 0A  389.0   0.369..
000313 01:02:08.562  20 33 38 38 2E 30 20 20 20 30 2E 33 36 38 0D 0A  388.0   0.368..
000314 01:02:08.578  20 33 38 37 2E 30 20 20 20 30 2E 33 36 38 0D 0A  387.0   0.368..
000315 01:02:08.593  20 33 38 36 2E 30 20 20 20 30 2E 33 36 37 0D 0A  386.0   0.367..
000316 01:02:08.625  20 33 38 35 2E 30 20 20 20 30 2E 33 36 37 0D 0A  385.0   0.367..
000317 01:02:08.640  20 33 38 34 2E 30 20 20 20 30 2E 33 36 37 0D 0A  384.0   0.367..
000318 01:02:08.656  20 33 38 33 2E 30 20 20 20 30 2E 33 36 36 0D 0A  383.0   0.366..
000319 01:02:08.671  20 33 38 32 2E 30 20 20 20 30 2E 33 36 36 0D 0A  382.0   0.366..
000320 01:02:08.687  20 33 38 31 2E 30 20 20 20 30 2E 33 36 36 0D 0A  381.0   0.366..
000321 01:02:08.703  20 33 38 30 2E 30 20 20 20 30 2E 33 36 36 0D 0A  380.0   0.366..
000322 01:02:08.718  20 33 37 39 2E 30 20 20 20 30 2E 33 36 36 0D 0A  379.0   0.366..
000323 01:02:08.750  20 33 37 38 2E 30 20 20 20 30 2E 33 36 36 0D 0A  378.0   0.366..
000324 01:02:08.765  20 33 37 37 2E 30 20 20 20 30 2E 33 36 36 0D 0A  377.0   0.366..
000325 01:02:08.781  20 33 37 36 2E 30 20 20 20 30 2E 33 36 37 0D 0A  376.0   0.367..
000326 01:02:08.796  20 33 37 35 2E 30 20 20 20 30 2E 33 36 37 0D 0A  375.0   0.367..
000327 01:02:08.812  20 33 37 34 2E 30 20 20 20 30 2E 33 36 37 0D 0A  374.0   0.367..
000328 01:02:08.828  20 33 37 33 2E 30 20 20 20 30 2E 33 36 38 0D 0A  373.0   0.368..
000329 01:02:08.828  20 33 37 32 2E 30 20 20 20 30 2E 33 36 38 0D 0A  372.0   0.368..
000330 01:02:08.859  20 33 37 31 2E 30 20 20 20 30 2E 33 36 39 0D 0A  371.0   0.369..
000331 01:02:08.875  20 33 37 30 2E 30 20 20 20 30 2E 33 37 30 0D 0A  370.0   0.370..
000332 01:02:08.890  20 33 36 39 2E 30 20 20 20 30 2E 33 37 30 0D 0A  369.0   0.370..
000333 01:02:08.906  20 33 36 38 2E 30 20 20 20 30 2E 33 37 32 0D 0A  368.0   0.372..
000334 01:02:08.921  20 33 36 37 2E 30 20 20 20 30 2E 33 37 33 0D 0A  367.0   0.373..
000335 01:02:08.937  20 33 36 36 2E 30 20 20 20 30 2E 33 37 35 0D 0A  366.0   0.375..
000336 01:02:08.953  20 33 36 35 2E 30 20 20 20 30 2E 33 37 34 0D 0A  365.0   0.374..
000337 01:02:08.984  20 33 36 34 2E 30 20 20 20 30 2E 33 37 36 0D 0A  364.0   0.376..
000338 01:02:09.000  20 33 36 33 2E 30 20 20 20 30 2E 33 37 37 0D 0A  363.0   0.377..
000339 01:02:09.015  20 33 36 32 2E 30 20 20 20 30 2E 33 37 38 0D 0A  362.0   0.378..
000340 01:02:09.031  20 33 36 31 2E 30 20 20 20 30 2E 33 38 30 0D 0A  361.0   0.380..
000341 01:02:09.046  20 33 36 30 2E 30 20 20 20 30 2E 33 38 31 0D 0A  360.0   0.381..
000342 01:02:09.062  20 33 35 39 2E 30 20 20 20 30 2E 33 38 32 0D 0A  359.0   0.382..
000343 01:02:09.078  20 33 35 38 2E 30 20 20 20 30 2E 33 38 33 0D 0A  358.0   0.383..
000344 01:02:09.093  20 33 35 37 2E 30 20 20 20 30 2E 33 38 35 0D 0A  357.0   0.385..
000345 01:02:09.109  20 33 35 36 2E 30 20 20 20 30 2E 33 38 37 0D 0A  356.0   0.387..
000346 01:02:09.125  20 33 35 35 2E 30 20 20 20 30 2E 33 38 38 0D 0A  355.0   0.388..
000347 01:02:09.140  20 33 35 34 2E 30 20 20 20 30 2E 33 39 30 0D 0A  354.0   0.390..
000348 01:02:09.156  20 33 35 33 2E 30 20 20 20 30 2E 33 39 31 0D 0A  353.0   0.391..
000349 01:02:09.171  20 33 35 32 2E 30 20 20 20 30 2E 33 39 33 0D 0A  352.0   0.393..
000350 01:02:09.187  20 33 35 31 2E 30 20 20 20 30 2E 33 39 35 0D 0A  351.0   0.395..
000351 01:02:09.218  20 33 35 30 2E 30 20 20 20 30 2E 33 39 36 0D 0A  350.0   0.396..
000352 01:02:09.234  20 33 34 39 2E 30 20 20 20 30 2E 33 39 38 0D 0A  349.0   0.398..
000353 01:02:09.250  20 33 34 38 2E 30 20 20 20 30 2E 34 30 30 0D 0A  348.0   0.400..
000354 01:02:09.265  20 33 34 37 2E 30 20 20 20 30 2E 34 30 31 0D 0A  347.0   0.401..
000355 01:02:09.281  20 33 34 36 2E 30 20 20 20 30 2E 34 30 34 0D 0A  346.0   0.404..
000356 01:02:09.296  20 33 34 35 2E 30 20 20 20 30 2E 34 30 35 0D 0A  345.0   0.405..
000357 01:02:09.312  20 33 34 34 2E 30 20 20 20 30 2E 34 30 37 0D 0A  344.0   0.407..
000358 01:02:09.343  20 33 34 33 2E 30 20 20 20 30 2E 34 30 39 0D 0A  343.0   0.409..
000359 01:02:09.359  20 33 34 32 2E 30 20 20 20 30 2E 34 31 31 0D 0A  342.0   0.411..
000360 01:02:09.375  20 33 34 31 2E 30 20 20 20 30 2E 34 31 33 0D 0A  341.0   0.413..
000361 01:02:09.375  20 33 34 30 2E 30 20 20 20 30 2E 34 31 36 0D 0A  340.0   0.416..
000362 01:02:09.390  20 33 33 39 2E 30 20 20 20 30 2E 34 31 37 0D 0A  339.0   0.417..
000363 01:02:09.406  20 33 33 38 2E 30 20 20 20 30 2E 34 31 39 0D 0A  338.0   0.419..
000364 01:02:09.421  20 33 33 37 2E 30 20 20 20 30 2E 34 32 31 0D 0A  337.0   0.421..
000365 01:02:09.453  20 33 33 36 2E 30 20 20 20 30 2E 34 32 33 0D 0A  336.0   0.423..
000366 01:02:09.468  20 33 33 35 2E 30 20 20 20 30 2E 34 32 36 0D 0A  335.0   0.426..
000367 01:02:09.484  20 33 33 34 2E 30 20 20 20 30 2E 34 32 38 0D 0A  334.0   0.428..
000368 01:02:09.500  20 33 33 33 2E 30 20 20 20 30 2E 34 33 30 0D 0A  333.0   0.430..
000369 01:02:09.515  20 33 33 32 2E 30 20 20 20 30 2E 34 33 32 0D 0A  332.0   0.432..
000370 01:02:09.531  20 33 33 31 2E 30 20 20 20 30 2E 34 33 35 0D 0A  331.0   0.435..
000371 01:02:09.546  20 33 33 30 2E 30 20 20 20 30 2E 34 33 37 0D 0A  330.0   0.437..
000372 01:02:09.578  20 33 32 39 2E 30 20 20 20 30 2E 34 33 39 0D 0A  329.0   0.439..
000373 01:02:09.593  20 33 32 38 2E 30 20 20 20 30 2E 34 34 31 0D 0A  328.0   0.441..
000374 01:02:09.609  20 33 32 37 2E 30 20 20 20 30 2E 34 34 33 0D 0A  327.0   0.443..
000375 01:02:09.625  20 33 32 36 2E 30 20 20 20 30 2E 34 34 38 0D 0A  326.0   0.448..
000376 01:02:09.625  20 33 32 35 2E 30 20 20 20 30 2E 34 34 39 0D 0A  325.0   0.449..
000377 01:02:09.640  20 33 32 34 2E 30 20 20 20 30 2E 34 35 32 0D 0A  324.0   0.452..
000378 01:02:09.656  20 33 32 33 2E 30 20 20 20 30 2E 34 35 34 0D 0A  323.0   0.454..
000379 01:02:09.703  20 33 32 32 2E 30 20 20 20 30 2E 34 35 37 0D 0A  322.0   0.457..
000380 01:02:09.703  20 33 32 31 2E 30 20 20 20 30 2E 34 36 30 0D 0A  321.0   0.460..
000381 01:02:09.718  20 33 32 30 2E 30 20 20 20 30 2E 34 36 33 0D 0A  320.0   0.463..
000382 01:02:09.734  20 33 31 39 2E 30 20 20 20 30 2E 34 36 35 0D 0A  319.0   0.465..
000383 01:02:09.750  20 33 31 38 2E 30 20 20 20 30 2E 34 36 39 0D 0A  318.0   0.469..
000384 01:02:09.765  20 33 31 37 2E 30 20 20 20 30 2E 34 37 32 0D 0A  317.0   0.472..
000385 01:02:09.781  20 33 31 36 2E 30 20 20 20 30 2E 34 37 35 0D 0A  316.0   0.475..
000386 01:02:09.812  20 33 31 35 2E 30 20 20 20 30 2E 34 37 39 0D 0A  315.0   0.479..
000387 01:02:09.828  20 33 31 34 2E 30 20 20 20 30 2E 34 38 34 0D 0A  314.0   0.484..
000388 01:02:09.843  20 33 31 33 2E 30 20 20 20 30 2E 34 38 39 0D 0A  313.0   0.489..
000389 01:02:09.859  20 33 31 32 2E 30 20 20 20 30 2E 34 39 34 0D 0A  312.0   0.494..
000390 01:02:09.875  20 33 31 31 2E 30 20 20 20 30 2E 35 30 30 0D 0A  311.0   0.500..
000391 01:02:09.875  20 33 31 30 2E 30 20 20 20 30 2E 35 30 38 0D 0A  310.0   0.508..
000392 01:02:09.890  20 33 30 39 2E 30 20 20 20 30 2E 35 31 37 0D 0A  309.0   0.517..
000393 01:02:09.921  20 33 30 38 2E 30 20 20 20 30 2E 35 32 36 0D 0A  308.0   0.526..
000394 01:02:09.937  20 33 30 37 2E 30 20 20 20 30 2E 35 34 30 0D 0A  307.0   0.540..
000395 01:02:09.953  20 33 30 36 2E 30 20 20 20 30 2E 35 36 36 0D 0A  306.0   0.566..
000396 01:02:09.968  20 33 30 35 2E 30 20 20 20 30 2E 35 38 31 0D 0A  305.0   0.581..
000397 01:02:09.984  20 33 30 34 2E 30 20 20 20 30 2E 36 30 35 0D 0A  304.0   0.605..
000398 01:02:10.000  20 33 30 33 2E 30 20 20 20 30 2E 36 33 35 0D 0A  303.0   0.635..
000399 01:02:10.015  20 33 30 32 2E 30 20 20 20 30 2E 36 37 32 0D 0A  302.0   0.672..
000400 01:02:10.046  20 33 30 31 2E 30 20 20 20 30 2E 37 31 33 0D 0A  301.0   0.713..
000401 01:02:10.062  20 33 30 30 2E 30 20 20 20 30 2E 37 36 31 0D 0A  300.0   0.761..
000402 01:02:10.078  20 32 39 39 2E 30 20 20 20 30 2E 38 32 30 0D 0A  299.0   0.820..
000403 01:02:10.093  20 32 39 38 2E 30 20 20 20 30 2E 38 39 30 0D 0A  298.0   0.890..
000404 01:02:10.109  20 32 39 37 2E 30 20 20 20 30 2E 39 36 34 0D 0A  297.0   0.964..
000405 01:02:10.125  20 32 39 36 2E 30 20 20 20 31 2E 30 35 32 0D 0A  296.0   1.052..
000406 01:02:10.140  20 32 39 35 2E 30 20 20 20 31 2E 31 36 30 0D 0A  295.0   1.160..
000407 01:02:10.156  20 32 39 34 2E 30 20 20 20 31 2E 32 38 38 0D 0A  294.0   1.288..
000408 01:02:10.171  20 32 39 33 2E 30 20 20 20 31 2E 34 31 38 0D 0A  293.0   1.418..
000409 01:02:10.187  20 32 39 32 2E 30 20 20 20 31 2E 35 36 30 0D 0A  292.0   1.560..
000410 01:02:10.203  20 32 39 31 2E 30 20 20 20 31 2E 37 31 32 0D 0A  291.0   1.712..
000411 01:02:10.218  20 32 39 30 2E 30 20 20 20 31 2E 38 35 38 0D 0A  290.0   1.858..
000412 01:02:10.234  20 32 38 39 2E 30 20 20 20 31 2E 39 39 34 0D 0A  289.0   1.994..
000413 01:02:10.250  20 32 38 38 2E 30 20 20 20 32 2E 31 32 36 0D 0A  288.0   2.126..
000414 01:02:10.281  20 32 38 37 2E 30 20 20 20 32 2E 32 37 37 0D 0A  287.0   2.277..
000415 01:02:10.296  20 32 38 36 2E 30 20 20 20 32 2E 34 31 32 0D 0A  286.0   2.412..
000416 01:02:10.312  20 32 38 35 2E 30 20 20 20 32 2E 35 33 34 0D 0A  285.0   2.534..
000417 01:02:10.328  20 32 38 34 2E 30 20 20 20 32 2E 37 30 32 0D 0A  284.0   2.702..
000418 01:02:10.343  20 32 38 33 2E 30 20 20 20 32 2E 37 37 38 0D 0A  283.0   2.778..
000419 01:02:10.359  20 32 38 32 2E 30 20 20 20 32 2E 38 36 39 0D 0A  282.0   2.869..
000420 01:02:10.375  20 32 38 31 2E 30 20 20 20 32 2E 39 32 34 0D 0A  281.0   2.924..
000421 01:02:10.406  20 32 38 30 2E 30 20 20 20 32 2E 39 32 39 0D 0A  280.0   2.929..
000422 01:02:10.406  20 32 37 39 2E 30 20 20 20 32 2E 39 39 31 0D 0A  279.0   2.991..
000423 01:02:10.421  20 32 37 38 2E 30 20 20 20 32 2E 39 33 38 0D 0A  278.0   2.938..
000424 01:02:10.437  20 32 37 37 2E 30 20 20 20 33 2E 30 30 30 0D 0A  277.0   3.000..
000425 01:02:10.453  20 32 37 36 2E 30 20 20 20 32 2E 39 34 38 0D 0A  276.0   2.948..
000426 01:02:10.468  20 32 37 35 2E 30 20 20 20 32 2E 39 35 34 0D 0A  275.0   2.954..
000427 01:02:10.484  20 32 37 34 2E 30 20 20 20 32 2E 39 36 31 0D 0A  274.0   2.961..
000428 01:02:10.515  20 32 37 33 2E 30 20 20 20 32 2E 39 31 36 0D 0A  273.0   2.916..
000429 01:02:10.531  20 32 37 32 2E 30 20 20 20 32 2E 38 37 39 0D 0A  272.0   2.879..
000430 01:02:10.546  20 32 37 31 2E 30 20 20 20 32 2E 38 30 39 0D 0A  271.0   2.809..
000431 01:02:10.562  20 32 37 30 2E 30 20 20 20 32 2E 37 35 31 0D 0A  270.0   2.751..
000432 01:02:10.578  20 32 36 39 2E 30 20 20 20 32 2E 37 30 33 0D 0A  269.0   2.703..
000433 01:02:10.593  20 32 36 38 2E 30 20 20 20 32 2E 36 34 30 0D 0A  268.0   2.640..
000434 01:02:10.609  20 32 36 37 2E 30 20 20 20 32 2E 35 35 31 0D 0A  267.0   2.551..
000435 01:02:10.640  20 32 36 36 2E 30 20 20 20 32 2E 34 39 36 0D 0A  266.0   2.496..
000436 01:02:10.656  20 32 36 35 2E 30 20 20 20 32 2E 34 32 34 0D 0A  265.0   2.424..
000437 01:02:10.671  20 32 36 34 2E 30 20 20 20 32 2E 33 34 35 0D 0A  264.0   2.345..
000438 01:02:10.671  20 32 36 33 2E 30 20 20 20 32 2E 32 38 32 0D 0A  263.0   2.282..
000439 01:02:10.687  20 32 36 32 2E 30 20 20 20 32 2E 32 31 35 0D 0A  262.0   2.215..
000440 01:02:10.703  20 32 36 31 2E 30 20 20 20 32 2E 31 36 30 0D 0A  261.0   2.160..
000441 01:02:10.718  20 32 36 30 2E 30 20 20 20 32 2E 31 30 33 0D 0A  260.0   2.103..
000442 01:02:10.750  20 32 35 39 2E 30 20 20 20 32 2E 30 35 32 0D 0A  259.0   2.052..
000443 01:02:10.765  20 32 35 38 2E 30 20 20 20 32 2E 30 30 37 0D 0A  258.0   2.007..
000444 01:02:10.781  20 32 35 37 2E 30 20 20 20 31 2E 39 34 33 0D 0A  257.0   1.943..
000445 01:02:10.796  20 32 35 36 2E 30 20 20 20 31 2E 39 31 35 0D 0A  256.0   1.915..
000446 01:02:10.812  20 32 35 35 2E 30 20 20 20 31 2E 38 39 31 0D 0A  255.0   1.891..
000447 01:02:10.828  20 32 35 34 2E 30 20 20 20 31 2E 38 36 39 0D 0A  254.0   1.869..
000448 01:02:10.843  20 32 35 33 2E 30 20 20 20 31 2E 38 35 38 0D 0A  253.0   1.858..
000449 01:02:10.875  20 32 35 32 2E 30 20 20 20 31 2E 38 35 39 0D 0A  252.0   1.859..
000450 01:02:10.890  20 32 35 31 2E 30 20 20 20 31 2E 38 37 30 0D 0A  251.0   1.870..
000451 01:02:10.906  20 32 35 30 2E 30 20 20 20 31 2E 38 39 31 0D 0A  250.0   1.891..
000452 01:02:10.921  20 32 34 39 2E 30 20 20 20 31 2E 39 33 32 0D 0A  249.0   1.932..
000453 01:02:10.968  20 32 34 38 2E 30 20 20 20 31 2E 39 37 36 0D 0A  248.0   1.976..
000454 01:02:10.968  20 32 34 37 2E 30 20 20 20 32 2E 30 34 39 0D 0A  247.0   2.049..
000455 01:02:10.968  20 32 34 36 2E 30 20 20 20 32 2E 31 33 32 0D 0A  246.0   2.132..
000456 01:02:10.984  20 32 34 35 2E 30 20 20 20 32 2E 32 35 31 0D 0A  245.0   2.251..
000457 01:02:11.000  20 32 34 34 2E 30 20 20 20 32 2E 33 37 37 0D 0A  244.0   2.377..
000458 01:02:11.015  20 32 34 33 2E 30 20 20 20 32 2E 35 38 39 0D 0A  243.0   2.589..
000459 01:02:11.046  20 32 34 32 2E 30 20 20 20 32 2E 37 35 32 0D 0A  242.0   2.752..
000460 01:02:11.046  20 32 34 31 2E 30 20 20 20 33 2E 30 30 32 0D 0A  241.0   3.002..
000461 01:02:11.062  20 32 34 30 2E 30 20 20 20 33 2E 33 30 38 0D 0A  240.0   3.308..
000462 01:02:11.078  20 32 33 39 2E 30 20 20 20 33 2E 36 31 34 0D 0A  239.0   3.614..
000463 01:02:11.109  20 32 33 38 2E 30 20 20 20 34 2E 30 30 30 0D 0A  238.0   4.000..
000464 01:02:11.125  20 32 33 37 2E 30 20 20 20 34 2E 30 30 30 0D 0A  237.0   4.000..
000465 01:02:11.140  20 32 33 36 2E 30 20 20 20 34 2E 30 30 30 0D 0A  236.0   4.000..
000466 01:02:11.156  20 32 33 35 2E 30 20 20 20 34 2E 30 30 30 0D 0A  235.0   4.000..
000467 01:02:11.171  20 32 33 34 2E 30 20 20 20 34 2E 30 30 30 0D 0A  234.0   4.000..
000468 01:02:11.187  20 32 33 33 2E 30 20 20 20 34 2E 30 30 30 0D 0A  233.0   4.000..
000469 01:02:11.187  20 32 33 32 2E 30 20 20 20 34 2E 30 30 30 0D 0A  232.0   4.000..
000470 01:02:11.218  20 32 33 31 2E 30 20 20 20 34 2E 30 30 30 0D 0A  231.0   4.000..
000471 01:02:11.234  20 32 33 30 2E 30 20 20 20 34 2E 30 30 30 0D 0A  230.0   4.000..
000472 01:02:11.265  20 32 32 39 2E 30 20 20 20 34 2E 30 30 30 0D 0A  229.0   4.000..
000473 01:02:11.265  20 32 32 38 2E 30 20 20 20 33 2E 35 36 34 0D 0A  228.0   3.564..
000474 01:02:11.281  20 32 32 37 2E 30 20 20 20 34 2E 30 30 30 0D 0A  227.0   4.000..
000475 01:02:11.296  20 32 32 36 2E 30 20 20 20 34 2E 30 30 30 0D 0A  226.0   4.000..
000476 01:02:11.312  20 32 32 35 2E 30 20 20 20 34 2E 30 30 30 0D 0A  225.0   4.000..
000477 01:02:11.343  20 32 32 34 2E 30 20 20 20 34 2E 30 30 30 0D 0A  224.0   4.000..
000478 01:02:11.359  20 32 32 33 2E 30 20 20 20 34 2E 30 30 30 0D 0A  223.0   4.000..
000479 01:02:11.375  20 32 32 32 2E 30 20 20 20 34 2E 30 30 30 0D 0A  222.0   4.000..
000480 01:02:11.390  20 32 32 31 2E 30 20 20 20 34 2E 30 30 30 0D 0A  221.0   4.000..
000481 01:02:11.406  20 32 32 30 2E 30 20 20 20 34 2E 30 30 30 0D 0A  220.0   4.000..
000482 01:02:11.421  20 32 31 39 2E 30 20 20 20 34 2E 30 30 30 0D 0A  219.0   4.000..
000483 01:02:11.437  20 32 31 38 2E 30 20 20 20 34 2E 30 30 30 0D 0A  218.0   4.000..
000484 01:02:11.453  20 32 31 37 2E 30 20 20 20 33 2E 34 35 33 0D 0A  217.0   3.453..
000485 01:02:11.484  20 32 31 36 2E 30 20 20 20 33 2E 34 34 30 0D 0A  216.0   3.440..
000486 01:02:11.515  20 32 31 35 2E 30 20 20 20 34 2E 30 30 30 0D 0A  215.0   4.000..
000487 01:02:11.515  20 32 31 34 2E 30 20 20 20 34 2E 30 30 30 0D 0A  214.0   4.000..
000488 01:02:11.515  20 32 31 33 2E 30 20 20 20 33 2E 39 39 34 0D 0A  213.0   3.994..
000489 01:02:11.531  20 32 31 32 2E 30 20 20 20 33 2E 39 37 36 0D 0A  212.0   3.976..
000490 01:02:11.546  20 32 31 31 2E 30 20 20 20 34 2E 30 30 30 0D 0A  211.0   4.000..
000491 01:02:11.578  20 32 31 30 2E 30 20 20 20 33 2E 39 33 31 0D 0A  210.0   3.931..
000492 01:02:11.593  20 32 30 39 2E 30 20 20 20 34 2E 30 30 30 0D 0A  209.0   4.000..
000493 01:02:11.609  20 32 30 38 2E 30 20 20 20 33 2E 38 37 36 0D 0A  208.0   3.876..
000494 01:02:11.625  20 32 30 37 2E 30 20 20 20 33 2E 38 34 35 0D 0A  207.0   3.845..
000495 01:02:11.640  20 32 30 36 2E 30 20 20 20 33 2E 38 31 30 0D 0A  206.0   3.810..
000496 01:02:11.656  20 32 30 35 2E 30 20 20 20 33 2E 37 37 32 0D 0A  205.0   3.772..
000497 01:02:11.671  20 32 30 34 2E 30 20 20 20 34 2E 30 30 30 0D 0A  204.0   4.000..
000498 01:02:11.703  20 32 30 33 2E 30 20 20 20 33 2E 36 39 30 0D 0A  203.0   3.690..
000499 01:02:11.718  20 32 30 32 2E 30 20 20 20 33 2E 36 34 32 0D 0A  202.0   3.642..
000500 01:02:11.718  20 32 30 31 2E 30 20 20 20 33 2E 35 39 30 0D 0A  201.0   3.590..
000501 01:02:11.734  20 32 30 30 2E 30 20 20 20 33 2E 35 34 30 0D 0A  200.0   3.540..
000502 01:02:11.750  20 31 39 39 2E 30 20 20 20 33 2E 34 38 35 0D 0A  199.0   3.485..
000503 01:02:11.765  20 31 39 38 2E 30 20 20 20 33 2E 34 32 38 0D 0A  198.0   3.428..
000504 01:02:11.781  20 31 39 37 2E 30 20 20 20 33 2E 36 36 37 0D 0A  197.0   3.667..
000505 01:02:11.828  20 31 39 36 2E 30 20 20 20 33 2E 36 31 31 0D 0A  196.0   3.611..
000506 01:02:11.828  20 31 39 35 2E 30 20 20 20 33 2E 35 35 30 0D 0A  195.0   3.550..
000507 01:02:11.843  20 31 39 34 2E 30 20 20 20 33 2E 34 37 39 0D 0A  194.0   3.479..
000508 01:02:11.859  20 31 39 33 2E 30 20 20 20 33 2E 34 30 37 0D 0A  193.0   3.407..
000509 01:02:11.875  20 31 39 32 2E 30 20 20 20 33 2E 33 32 34 0D 0A  192.0   3.324..
000510 01:02:11.890  20 31 39 31 2E 30 20 20 20 33 2E 32 32 35 0D 0A  191.0   3.225..
000511 01:02:11.906  20 31 39 30 2E 30 20 20 20 33 2E 31 30 37 0D 0A  190.0   3.107..
000512 01:02:11.937  1A                                              .
