000001 00:47:28.734  20 37 30 30 2E 30 20 20 20 30 2E 31 33 37 0D 0A  700.0   0.137..
000002 00:47:28.750  20 36 39 39 2E 30 20 20 20 30 2E 31 33 37 0D 0A  699.0   0.137..
000003 00:47:28.765  20 36 39 38 2E 30 20 20 20 30 2E 31 33 37 0D 0A  698.0   0.137..
000004 00:47:28.781  20 36 39 37 2E 30 20 20 20 30 2E 31 33 37 0D 0A  697.0   0.137..
000005 00:47:28.796  20 36 39 36 2E 30 20 20 20 30 2E 31 33 38 0D 0A  696.0   0.138..
000006 00:47:28.812  20 36 39 35 2E 30 20 20 20 30 2E 31 33 38 0D 0A  695.0   0.138..
000007 00:47:28.828  20 36 39 34 2E 30 20 20 20 30 2E 31 33 39 0D 0A  694.0   0.139..
000008 00:47:28.859  20 36 39 33 2E 30 20 20 20 30 2E 31 33 39 0D 0A  693.0   0.139..
000009 00:47:28.875  20 36 39 32 2E 30 20 20 20 30 2E 31 34 30 0D 0A  692.0   0.140..
000010 00:47:28.890  20 36 39 31 2E 30 20 20 20 30 2E 31 34 30 0D 0A  691.0   0.140..
000011 00:47:28.906  20 36 39 30 2E 30 20 20 20 30 2E 31 34 31 0D 0A  690.0   0.141..
000012 00:47:28.921  20 36 38 39 2E 30 20 20 20 30 2E 31 34 31 0D 0A  689.0   0.141..
000013 00:47:28.937  20 36 38 38 2E 30 20 20 20 30 2E 31 34 31 0D 0A  688.0   0.141..
000014 00:47:28.953  20 36 38 37 2E 30 20 20 20 30 2E 31 34 32 0D 0A  687.0   0.142..
000015 00:47:28.968  20 36 38 36 2E 30 20 20 20 30 2E 31 34 32 0D 0A  686.0   0.142..
000016 00:47:28.984  20 36 38 35 2E 30 20 20 20 30 2E 31 34 33 0D 0A  685.0   0.143..
000017 00:47:29.000  20 36 38 34 2E 30 20 20 20 30 2E 31 34 33 0D 0A  684.0   0.143..
000018 00:47:29.015  20 36 38 33 2E 30 20 20 20 30 2E 31 34 34 0D 0A  683.0   0.144..
000019 00:47:29.031  20 36 38 32 2E 30 20 20 20 30 2E 31 34 34 0D 0A  682.0   0.144..
000020 00:47:29.046  20 36 38 31 2E 30 20 20 20 30 2E 31 34 34 0D 0A  681.0   0.144..
000021 00:47:29.062  20 36 38 30 2E 30 20 20 20 30 2E 31 34 35 0D 0A  680.0   0.145..
000022 00:47:29.093  20 36 37 39 2E 30 20 20 20 30 2E 31 34 35 0D 0A  679.0   0.145..
000023 00:47:29.109  20 36 37 38 2E 30 20 20 20 30 2E 31 34 35 0D 0A  678.0   0.145..
000024 00:47:29.125  20 36 37 37 2E 30 20 20 20 30 2E 31 34 36 0D 0A  677.0   0.146..
000025 00:47:29.140  20 36 37 36 2E 30 20 20 20 30 2E 31 34 36 0D 0A  676.0   0.146..
000026 00:47:29.156  20 36 37 35 2E 30 20 20 20 30 2E 31 34 36 0D 0A  675.0   0.146..
000027 00:47:29.171  20 36 37 34 2E 30 20 20 20 30 2E 31 34 37 0D 0A  674.0   0.147..
000028 00:47:29.187  20 36 37 33 2E 30 20 20 20 30 2E 31 34 38 0D 0A  673.0   0.148..
000029 00:47:29.218  20 36 37 32 2E 30 20 20 20 30 2E 31 34 38 0D 0A  672.0   0.148..
000030 00:47:29.234  20 36 37 31 2E 30 20 20 20 30 2E 31 34 39 0D 0A  671.0   0.149..
000031 00:47:29.234  20 36 37 30 2E 30 20 20 20 30 2E 31 34 39 0D 0A  670.0   0.149..
000032 00:47:29.250  20 36 36 39 2E 30 20 20 20 30 2E 31 34 39 0D 0A  669.0   0.149..
000033 00:47:29.265  20 36 36 38 2E 30 20 20 20 30 2E 31 35 30 0D 0A  668.0   0.150..
000034 00:47:29.281  20 36 36 37 2E 30 20 20 20 30 2E 31 35 30 0D 0A  667.0   0.150..
000035 00:47:29.296  20 36 36 36 2E 30 20 20 20 30 2E 31 35 31 0D 0A  666.0   0.151..
000036 00:47:29.328  20 36 36 35 2E 30 20 20 20 30 2E 31 35 31 0D 0A  665.0   0.151..
000037 00:47:29.343  20 36 36 34 2E 30 20 20 20 30 2E 31 35 32 0D 0A  664.0   0.152..
000038 00:47:29.375  20 36 36 33 2E 30 20 20 20 30 2E 31 35 32 0D 0A  663.0   0.152..
000039 00:47:29.375  20 36 36 32 2E 30 20 20 20 30 2E 31 35 33 0D 0A  662.0   0.153..
000040 00:47:29.406  20 36 36 31 2E 30 20 20 20 30 2E 31 35 33 0D 0A  661.0   0.153..
000041 00:47:29.406  20 36 36 30 2E 30 20 20 20 30 2E 31 35 33 0D 0A  660.0   0.153..
000042 00:47:29.421  20 36 35 39 2E 30 20 20 20 30 2E 31 35 34 0D 0A  659.0   0.154..
000043 00:47:29.453  20 36 35 38 2E 30 20 20 20 30 2E 31 35 34 0D 0A  658.0   0.154..
000044 00:47:29.468  20 36 35 37 2E 30 20 20 20 30 2E 31 35 35 0D 0A  657.0   0.155..
000045 00:47:29.484  20 36 35 36 2E 30 20 20 20 30 2E 31 35 35 0D 0A  656.0   0.155..
000046 00:47:29.500  20 36 35 35 2E 30 20 20 20 30 2E 31 35 36 0D 0A  655.0   0.156..
000047 00:47:29.500  20 36 35 34 2E 30 20 20 20 30 2E 31 35 36 0D 0A  654.0   0.156..
000048 00:47:29.515  20 36 35 33 2E 30 20 20 20 30 2E 31 35 37 0D 0A  653.0   0.157..
000049 00:47:29.531  20 36 35 32 2E 30 20 20 20 30 2E 31 35 38 0D 0A  652.0   0.158..
000050 00:47:29.562  20 36 35 31 2E 30 20 20 20 30 2E 31 35 38 0D 0A  651.0   0.158..
000051 00:47:29.578  20 36 35 30 2E 30 20 20 20 30 2E 31 35 38 0D 0A  650.0   0.158..
000052 00:47:29.593  20 36 34 39 2E 30 20 20 20 30 2E 31 35 39 0D 0A  649.0   0.159..
000053 00:47:29.609  20 36 34 38 2E 30 20 20 20 30 2E 31 36 30 0D 0A  648.0   0.160..
000054 00:47:29.625  20 36 34 37 2E 30 20 20 20 30 2E 31 36 31 0D 0A  647.0   0.161..
000055 00:47:29.640  20 36 34 36 2E 30 20 20 20 30 2E 31 36 31 0D 0A  646.0   0.161..
000056 00:47:29.656  20 36 34 35 2E 30 20 20 20 30 2E 31 36 32 0D 0A  645.0   0.162..
000057 00:47:29.687  20 36 34 34 2E 30 20 20 20 30 2E 31 36 32 0D 0A  644.0   0.162..
000058 00:47:29.703  20 36 34 33 2E 30 20 20 20 30 2E 31 36 33 0D 0A  643.0   0.163..
000059 00:47:29.718  20 36 34 32 2E 30 20 20 20 30 2E 31 36 33 0D 0A  642.0   0.163..
000060 00:47:29.734  20 36 34 31 2E 30 20 20 20 30 2E 31 36 34 0D 0A  641.0   0.164..
000061 00:47:29.750  20 36 34 30 2E 30 20 20 20 30 2E 31 36 34 0D 0A  640.0   0.164..
000062 00:47:29.750  20 36 33 39 2E 30 20 20 20 30 2E 31 36 35 0D 0A  639.0   0.165..
000063 00:47:29.765  20 36 33 38 2E 30 20 20 20 30 2E 31 36 36 0D 0A  638.0   0.166..
000064 00:47:29.796  20 36 33 37 2E 30 20 20 20 30 2E 31 36 36 0D 0A  637.0   0.166..
000065 00:47:29.812  20 36 33 36 2E 30 20 20 20 30 2E 31 36 37 0D 0A  636.0   0.167..
000066 00:47:29.828  20 36 33 35 2E 30 20 20 20 30 2E 31 36 38 0D 0A  635.0   0.168..
000067 00:47:29.843  20 36 33 34 2E 30 20 20 20 30 2E 31 36 38 0D 0A  634.0   0.168..
000068 00:47:29.859  20 36 33 33 2E 30 20 20 20 30 2E 31 36 39 0D 0A  633.0   0.169..
000069 00:47:29.875  20 36 33 32 2E 30 20 20 20 30 2E 31 36 39 0D 0A  632.0   0.169..
000070 00:47:29.890  20 36 33 31 2E 30 20 20 20 30 2E 31 36 39 0D 0A  631.0   0.169..
000071 00:47:29.921  20 36 33 30 2E 30 20 20 20 30 2E 31 37 30 0D 0A  630.0   0.170..
000072 00:47:29.937  20 36 32 39 2E 30 20 20 20 30 2E 31 37 30 0D 0A  629.0   0.170..
000073 00:47:29.953  20 36 32 38 2E 30 20 20 20 30 2E 31 37 31 0D 0A  628.0   0.171..
000074 00:47:29.968  20 36 32 37 2E 30 20 20 20 30 2E 31 37 31 0D 0A  627.0   0.171..
000075 00:47:29.984  20 36 32 36 2E 30 20 20 20 30 2E 31 37 32 0D 0A  626.0   0.172..
000076 00:47:30.000  20 36 32 35 2E 30 20 20 20 30 2E 31 37 32 0D 0A  625.0   0.172..
000077 00:47:30.015  20 36 32 34 2E 30 20 20 20 30 2E 31 37 33 0D 0A  624.0   0.173..
000078 00:47:30.046  20 36 32 33 2E 30 20 20 20 30 2E 31 37 33 0D 0A  623.0   0.173..
000079 00:47:30.046  20 36 32 32 2E 30 20 20 20 30 2E 31 37 34 0D 0A  622.0   0.174..
000080 00:47:30.062  20 36 32 31 2E 30 20 20 20 30 2E 31 37 34 0D 0A  621.0   0.174..
000081 00:47:30.078  20 36 32 30 2E 30 20 20 20 30 2E 31 37 35 0D 0A  620.0   0.175..
000082 00:47:30.093  20 36 31 39 2E 30 20 20 20 30 2E 31 37 35 0D 0A  619.0   0.175..
000083 00:47:30.109  20 36 31 38 2E 30 20 20 20 30 2E 31 37 36 0D 0A  618.0   0.176..
000084 00:47:30.125  20 36 31 37 2E 30 20 20 20 30 2E 31 37 36 0D 0A  617.0   0.176..
000085 00:47:30.156  20 36 31 36 2E 30 20 20 20 30 2E 31 37 37 0D 0A  616.0   0.177..
000086 00:47:30.171  20 36 31 35 2E 30 20 20 20 30 2E 31 37 37 0D 0A  615.0   0.177..
000087 00:47:30.187  20 36 31 34 2E 30 20 20 20 30 2E 31 37 38 0D 0A  614.0   0.178..
000088 00:47:30.203  20 36 31 33 2E 30 20 20 20 30 2E 31 37 38 0D 0A  613.0   0.178..
000089 00:47:30.218  20 36 31 32 2E 30 20 20 20 30 2E 31 37 39 0D 0A  612.0   0.179..
000090 00:47:30.234  20 36 31 31 2E 30 20 20 20 30 2E 31 37 39 0D 0A  611.0   0.179..
000091 00:47:30.250  20 36 31 30 2E 30 20 20 20 30 2E 31 38 30 0D 0A  610.0   0.180..
000092 00:47:30.281  20 36 30 39 2E 30 20 20 20 30 2E 31 38 30 0D 0A  609.0   0.180..
000093 00:47:30.281  20 36 30 38 2E 30 20 20 20 30 2E 31 38 31 0D 0A  608.0   0.181..
000094 00:47:30.296  20 36 30 37 2E 30 20 20 20 30 2E 31 38 31 0D 0A  607.0   0.181..
000095 00:47:30.312  20 36 30 36 2E 30 20 20 20 30 2E 31 38 32 0D 0A  606.0   0.182..
000096 00:47:30.328  20 36 30 35 2E 30 20 20 20 30 2E 31 38 32 0D 0A  605.0   0.182..
000097 00:47:30.343  20 36 30 34 2E 30 20 20 20 30 2E 31 38 33 0D 0A  604.0   0.183..
000098 00:47:30.359  20 36 30 33 2E 30 20 20 20 30 2E 31 38 34 0D 0A  603.0   0.184..
000099 00:47:30.390  20 36 30 32 2E 30 20 20 20 30 2E 31 38 34 0D 0A  602.0   0.184..
000100 00:47:30.406  20 36 30 31 2E 30 20 20 20 30 2E 31 38 35 0D 0A  601.0   0.185..
000101 00:47:30.421  20 36 30 30 2E 30 20 20 20 30 2E 31 38 35 0D 0A  600.0   0.185..
000102 00:47:30.437  20 35 39 39 2E 30 20 20 20 30 2E 31 38 36 0D 0A  599.0   0.186..
000103 00:47:30.453  20 35 39 38 2E 30 20 20 20 30 2E 31 38 37 0D 0A  598.0   0.187..
000104 00:47:30.468  20 35 39 37 2E 30 20 20 20 30 2E 31 38 37 0D 0A  597.0   0.187..
000105 00:47:30.484  20 35 39 36 2E 30 20 20 20 30 2E 31 38 38 0D 0A  596.0   0.188..
000106 00:47:30.515  20 35 39 35 2E 30 20 20 20 30 2E 31 38 38 0D 0A  595.0   0.188..
000107 00:47:30.531  20 35 39 34 2E 30 20 20 20 30 2E 31 38 39 0D 0A  594.0   0.189..
000108 00:47:30.546  20 35 39 33 2E 30 20 20 20 30 2E 31 38 39 0D 0A  593.0   0.189..
000109 00:47:30.562  20 35 39 32 2E 30 20 20 20 30 2E 31 39 30 0D 0A  592.0   0.190..
000110 00:47:30.593  20 35 39 31 2E 30 20 20 20 30 2E 31 39 31 0D 0A  591.0   0.191..
000111 00:47:30.593  20 35 39 30 2E 30 20 20 20 30 2E 31 39 31 0D 0A  590.0   0.191..
000112 00:47:30.593  20 35 38 39 2E 30 20 20 20 30 2E 31 39 32 0D 0A  589.0   0.192..
000113 00:47:30.625  20 35 38 38 2E 30 20 20 20 30 2E 31 39 33 0D 0A  588.0   0.193..
000114 00:47:30.640  20 35 38 37 2E 30 20 20 20 30 2E 31 39 33 0D 0A  587.0   0.193..
000115 00:47:30.656  20 35 38 36 2E 30 20 20 20 30 2E 31 39 34 0D 0A  586.0   0.194..
000116 00:47:30.671  20 35 38 35 2E 30 20 20 20 30 2E 31 39 35 0D 0A  585.0   0.195..
000117 00:47:30.687  20 35 38 34 2E 30 20 20 20 30 2E 31 39 35 0D 0A  584.0   0.195..
000118 00:47:30.703  20 35 38 33 2E 30 20 20 20 30 2E 31 39 36 0D 0A  583.0   0.196..
000119 00:47:30.718  20 35 38 32 2E 30 20 20 20 30 2E 31 39 37 0D 0A  582.0   0.197..
000120 00:47:30.750  20 35 38 31 2E 30 20 20 20 30 2E 31 39 38 0D 0A  581.0   0.198..
000121 00:47:30.765  20 35 38 30 2E 30 20 20 20 30 2E 31 39 38 0D 0A  580.0   0.198..
000122 00:47:30.781  20 35 37 39 2E 30 20 20 20 30 2E 31 39 39 0D 0A  579.0   0.199..
000123 00:47:30.796  20 35 37 38 2E 30 20 20 20 30 2E 32 30 30 0D 0A  578.0   0.200..
000124 00:47:30.812  20 35 37 37 2E 30 20 20 20 30 2E 32 30 31 0D 0A  577.0   0.201..
000125 00:47:30.812  20 35 37 36 2E 30 20 20 20 30 2E 32 30 31 0D 0A  576.0   0.201..
000126 00:47:30.828  20 35 37 35 2E 30 20 20 20 30 2E 32 30 32 0D 0A  575.0   0.202..
000127 00:47:30.859  20 35 37 34 2E 30 20 20 20 30 2E 32 30 32 0D 0A  574.0   0.202..
000128 00:47:30.875  20 35 37 33 2E 30 20 20 20 30 2E 32 30 33 0D 0A  573.0   0.203..
000129 00:47:30.890  20 35 37 32 2E 30 20 20 20 30 2E 32 30 34 0D 0A  572.0   0.204..
000130 00:47:30.906  20 35 37 31 2E 30 20 20 20 30 2E 32 30 34 0D 0A  571.0   0.204..
000131 00:47:30.921  20 35 37 30 2E 30 20 20 20 30 2E 32 30 35 0D 0A  570.0   0.205..
000132 00:47:30.937  20 35 36 39 2E 30 20 20 20 30 2E 32 30 36 0D 0A  569.0   0.206..
000133 00:47:30.953  20 35 36 38 2E 30 20 20 20 30 2E 32 30 36 0D 0A  568.0   0.206..
000134 00:47:31.015  20 35 36 37 2E 30 20 20 20 30 2E 32 30 37 0D 0A  567.0   0.207..
000135 00:47:31.015  20 35 36 36 2E 30 20 20 20 30 2E 32 30 38 0D 0A  566.0   0.208..
000136 00:47:31.015  20 35 36 35 2E 30 20 20 20 30 2E 32 30 38 0D 0A  565.0   0.208..
000137 00:47:31.031  20 35 36 34 2E 30 20 20 20 30 2E 32 30 39 0D 0A  564.0   0.209..
000138 00:47:31.046  20 35 36 33 2E 30 20 20 20 30 2E 32 30 39 0D 0A  563.0   0.209..
000139 00:47:31.062  20 35 36 32 2E 30 20 20 20 30 2E 32 31 30 0D 0A  562.0   0.210..
000140 00:47:31.062  20 35 36 31 2E 30 20 20 20 30 2E 32 31 31 0D 0A  561.0   0.211..
000141 00:47:31.093  20 35 36 30 2E 30 20 20 20 30 2E 32 31 31 0D 0A  560.0   0.211..
000142 00:47:31.125  20 35 35 39 2E 30 20 20 20 30 2E 32 31 32 0D 0A  559.0   0.212..
000143 00:47:31.125  20 35 35 38 2E 30 20 20 20 30 2E 32 31 33 0D 0A  558.0   0.213..
000144 00:47:31.140  20 35 35 37 2E 30 20 20 20 30 2E 32 31 34 0D 0A  557.0   0.214..
000145 00:47:31.156  20 35 35 36 2E 30 20 20 20 30 2E 32 31 35 0D 0A  556.0   0.215..
000146 00:47:31.171  20 35 35 35 2E 30 20 20 20 30 2E 32 31 35 0D 0A  555.0   0.215..
000147 00:47:31.187  20 35 35 34 2E 30 20 20 20 30 2E 32 31 36 0D 0A  554.0   0.216..
000148 00:47:31.218  20 35 35 33 2E 30 20 20 20 30 2E 32 31 37 0D 0A  553.0   0.217..
000149 00:47:31.234  20 35 35 32 2E 30 20 20 20 30 2E 32 31 38 0D 0A  552.0   0.218..
000150 00:47:31.250  20 35 35 31 2E 30 20 20 20 30 2E 32 31 39 0D 0A  551.0   0.219..
000151 00:47:31.265  20 35 35 30 2E 30 20 20 20 30 2E 32 32 30 0D 0A  550.0   0.220..
000152 00:47:31.281  20 35 34 39 2E 30 20 20 20 30 2E 32 32 31 0D 0A  549.0   0.221..
000153 00:47:31.296  20 35 34 38 2E 30 20 20 20 30 2E 32 32 31 0D 0A  548.0   0.221..
000154 00:47:31.312  20 35 34 37 2E 30 20 20 20 30 2E 32 32 32 0D 0A  547.0   0.222..
000155 00:47:31.328  20 35 34 36 2E 30 20 20 20 30 2E 32 32 33 0D 0A  546.0   0.223..
000156 00:47:31.343  20 35 34 35 2E 30 20 20 20 30 2E 32 32 34 0D 0A  545.0   0.224..
000157 00:47:31.359  20 35 34 34 2E 30 20 20 20 30 2E 32 32 35 0D 0A  544.0   0.225..
000158 00:47:31.375  20 35 34 33 2E 30 20 20 20 30 2E 32 32 36 0D 0A  543.0   0.226..
000159 00:47:31.390  20 35 34 32 2E 30 20 20 20 30 2E 32 32 37 0D 0A  542.0   0.227..
000160 00:47:31.406  20 35 34 31 2E 30 20 20 20 30 2E 32 32 38 0D 0A  541.0   0.228..
000161 00:47:31.421  20 35 34 30 2E 30 20 20 20 30 2E 32 32 39 0D 0A  540.0   0.229..
000162 00:47:31.453  20 35 33 39 2E 30 20 20 20 30 2E 32 33 30 0D 0A  539.0   0.230..
000163 00:47:31.468  20 35 33 38 2E 30 20 20 20 30 2E 32 33 31 0D 0A  538.0   0.231..
000164 00:47:31.484  20 35 33 37 2E 30 20 20 20 30 2E 32 33 32 0D 0A  537.0   0.232..
000165 00:47:31.500  20 35 33 36 2E 30 20 20 20 30 2E 32 33 30 0D 0A  536.0   0.230..
000166 00:47:31.515  20 35 33 35 2E 30 20 20 20 30 2E 32 33 30 0D 0A  535.0   0.230..
000167 00:47:31.531  20 35 33 34 2E 30 20 20 20 30 2E 32 33 31 0D 0A  534.0   0.231..
000168 00:47:31.546  20 35 33 33 2E 30 20 20 20 30 2E 32 33 32 0D 0A  533.0   0.232..
000169 00:47:31.578  20 35 33 32 2E 30 20 20 20 30 2E 32 33 33 0D 0A  532.0   0.233..
000170 00:47:31.593  20 35 33 31 2E 30 20 20 20 30 2E 32 33 34 0D 0A  531.0   0.234..
000171 00:47:31.593  20 35 33 30 2E 30 20 20 20 30 2E 32 33 34 0D 0A  530.0   0.234..
000172 00:47:31.609  20 35 32 39 2E 30 20 20 20 30 2E 32 33 35 0D 0A  529.0   0.235..
000173 00:47:31.625  20 35 32 38 2E 30 20 20 20 30 2E 32 33 36 0D 0A  528.0   0.236..
000174 00:47:31.671  20 35 32 37 2E 30 20 20 20 30 2E 32 33 37 0D 0A  527.0   0.237..
000175 00:47:31.671  20 35 32 36 2E 30 20 20 20 30 2E 32 33 37 0D 0A  526.0   0.237..
000176 00:47:31.687  20 35 32 35 2E 30 20 20 20 30 2E 32 33 39 0D 0A  525.0   0.239..
000177 00:47:31.703  20 35 32 34 2E 30 20 20 20 30 2E 32 33 39 0D 0A  524.0   0.239..
000178 00:47:31.718  20 35 32 33 2E 30 20 20 20 30 2E 32 34 30 0D 0A  523.0   0.240..
000179 00:47:31.734  20 35 32 32 2E 30 20 20 20 30 2E 32 34 31 0D 0A  522.0   0.241..
000180 00:47:31.750  20 35 32 31 2E 30 20 20 20 30 2E 32 34 32 0D 0A  521.0   0.242..
000181 00:47:31.765  20 35 32 30 2E 30 20 20 20 30 2E 32 34 32 0D 0A  520.0   0.242..
000182 00:47:31.781  20 35 31 39 2E 30 20 20 20 30 2E 32 34 34 0D 0A  519.0   0.244..
000183 00:47:31.812  20 35 31 38 2E 30 20 20 20 30 2E 32 34 34 0D 0A  518.0   0.244..
000184 00:47:31.828  20 35 31 37 2E 30 20 20 20 30 2E 32 34 35 0D 0A  517.0   0.245..
000185 00:47:31.843  20 35 31 36 2E 30 20 20 20 30 2E 32 34 36 0D 0A  516.0   0.246..
000186 00:47:31.859  20 35 31 35 2E 30 20 20 20 30 2E 32 34 37 0D 0A  515.0   0.247..
000187 00:47:31.859  20 35 31 34 2E 30 20 20 20 30 2E 32 34 38 0D 0A  514.0   0.248..
000188 00:47:31.875  20 35 31 33 2E 30 20 20 20 30 2E 32 34 39 0D 0A  513.0   0.249..
000189 00:47:31.890  20 35 31 32 2E 30 20 20 20 30 2E 32 35 30 0D 0A  512.0   0.250..
000190 00:47:31.921  20 35 31 31 2E 30 20 20 20 30 2E 32 35 30 0D 0A  511.0   0.250..
000191 00:47:31.937  20 35 31 30 2E 30 20 20 20 30 2E 32 35 31 0D 0A  510.0   0.251..
000192 00:47:31.953  20 35 30 39 2E 30 20 20 20 30 2E 32 35 32 0D 0A  509.0   0.252..
000193 00:47:31.968  20 35 30 38 2E 30 20 20 20 30 2E 32 35 33 0D 0A  508.0   0.253..
000194 00:47:31.984  20 35 30 37 2E 30 20 20 20 30 2E 32 35 34 0D 0A  507.0   0.254..
000195 00:47:32.000  20 35 30 36 2E 30 20 20 20 30 2E 32 35 35 0D 0A  506.0   0.255..
000196 00:47:32.015  20 35 30 35 2E 30 20 20 20 30 2E 32 35 36 0D 0A  505.0   0.256..
000197 00:47:32.046  20 35 30 34 2E 30 20 20 20 30 2E 32 35 37 0D 0A  504.0   0.257..
000198 00:47:32.062  20 35 30 33 2E 30 20 20 20 30 2E 32 35 38 0D 0A  503.0   0.258..
000199 00:47:32.078  20 35 30 32 2E 30 20 20 20 30 2E 32 35 39 0D 0A  502.0   0.259..
000200 00:47:32.093  20 35 30 31 2E 30 20 20 20 30 2E 32 35 39 0D 0A  501.0   0.259..
000201 00:47:32.109  20 35 30 30 2E 30 20 20 20 30 2E 32 36 30 0D 0A  500.0   0.260..
000202 00:47:32.125  20 34 39 39 2E 30 20 20 20 30 2E 32 36 31 0D 0A  499.0   0.261..
000203 00:47:32.125  20 34 39 38 2E 30 20 20 20 30 2E 32 36 32 0D 0A  498.0   0.262..
000204 00:47:32.156  20 34 39 37 2E 30 20 20 20 30 2E 32 36 34 0D 0A  497.0   0.264..
000205 00:47:32.171  20 34 39 36 2E 30 20 20 20 30 2E 32 36 35 0D 0A  496.0   0.265..
000206 00:47:32.218  20 34 39 35 2E 30 20 20 20 30 2E 32 36 35 0D 0A  495.0   0.265..
000207 00:47:32.218  20 34 39 34 2E 30 20 20 20 30 2E 32 36 36 0D 0A  494.0   0.266..
000208 00:47:32.218  20 34 39 33 2E 30 20 20 20 30 2E 32 36 37 0D 0A  493.0   0.267..
000209 00:47:32.234  20 34 39 32 2E 30 20 20 20 30 2E 32 36 38 0D 0A  492.0   0.268..
000210 00:47:32.250  20 34 39 31 2E 30 20 20 20 30 2E 32 36 39 0D 0A  491.0   0.269..
000211 00:47:32.281  20 34 39 30 2E 30 20 20 20 30 2E 32 37 31 0D 0A  490.0   0.271..
000212 00:47:32.296  20 34 38 39 2E 30 20 20 20 30 2E 32 37 31 0D 0A  489.0   0.271..
000213 00:47:32.312  20 34 38 38 2E 30 20 20 20 30 2E 32 37 32 0D 0A  488.0   0.272..
000214 00:47:32.328  20 34 38 37 2E 30 20 20 20 30 2E 32 37 33 0D 0A  487.0   0.273..
000215 00:47:32.343  20 34 38 36 2E 30 20 20 20 30 2E 32 37 34 0D 0A  486.0   0.274..
000216 00:47:32.359  20 34 38 35 2E 30 20 20 20 30 2E 32 37 35 0D 0A  485.0   0.275..
000217 00:47:32.375  20 34 38 34 2E 30 20 20 20 30 2E 32 37 36 0D 0A  484.0   0.276..
000218 00:47:32.406  20 34 38 33 2E 30 20 20 20 30 2E 32 37 37 0D 0A  483.0   0.277..
000219 00:47:32.406  20 34 38 32 2E 30 20 20 20 30 2E 32 37 38 0D 0A  482.0   0.278..
000220 00:47:32.421  20 34 38 31 2E 30 20 20 20 30 2E 32 37 39 0D 0A  481.0   0.279..
000221 00:47:32.437  20 34 38 30 2E 30 20 20 20 30 2E 32 38 30 0D 0A  480.0   0.280..
000222 00:47:32.453  20 34 37 39 2E 30 20 20 20 30 2E 32 38 31 0D 0A  479.0   0.281..
000223 00:47:32.468  20 34 37 38 2E 30 20 20 20 30 2E 32 38 32 0D 0A  478.0   0.282..
000224 00:47:32.484  20 34 37 37 2E 30 20 20 20 30 2E 32 38 33 0D 0A  477.0   0.283..
000225 00:47:32.515  20 34 37 36 2E 30 20 20 20 30 2E 32 38 34 0D 0A  476.0   0.284..
000226 00:47:32.531  20 34 37 35 2E 30 20 20 20 30 2E 32 38 35 0D 0A  475.0   0.285..
000227 00:47:32.546  20 34 37 34 2E 30 20 20 20 30 2E 32 38 36 0D 0A  474.0   0.286..
000228 00:47:32.562  20 34 37 33 2E 30 20 20 20 30 2E 32 38 37 0D 0A  473.0   0.287..
000229 00:47:32.578  20 34 37 32 2E 30 20 20 20 30 2E 32 38 38 0D 0A  472.0   0.288..
000230 00:47:32.593  20 34 37 31 2E 30 20 20 20 30 2E 32 38 39 0D 0A  471.0   0.289..
000231 00:47:32.609  20 34 37 30 2E 30 20 20 20 30 2E 32 39 30 0D 0A  470.0   0.290..
000232 00:47:32.640  20 34 36 39 2E 30 20 20 20 30 2E 32 39 32 0D 0A  469.0   0.292..
000233 00:47:32.640  20 34 36 38 2E 30 20 20 20 30 2E 32 39 33 0D 0A  468.0   0.293..
000234 00:47:32.656  20 34 36 37 2E 30 20 20 20 30 2E 32 39 34 0D 0A  467.0   0.294..
000235 00:47:32.671  20 34 36 36 2E 30 20 20 20 30 2E 32 39 35 0D 0A  466.0   0.295..
000236 00:47:32.687  20 34 36 35 2E 30 20 20 20 30 2E 32 39 36 0D 0A  465.0   0.296..
000237 00:47:32.703  20 34 36 34 2E 30 20 20 20 30 2E 32 39 37 0D 0A  464.0   0.297..
000238 00:47:32.718  20 34 36 33 2E 30 20 20 20 30 2E 32 39 39 0D 0A  463.0   0.299..
000239 00:47:32.750  20 34 36 32 2E 30 20 20 20 30 2E 33 30 30 0D 0A  462.0   0.300..
000240 00:47:32.765  20 34 36 31 2E 30 20 20 20 30 2E 33 30 32 0D 0A  461.0   0.302..
000241 00:47:32.781  20 34 36 30 2E 30 20 20 20 30 2E 33 30 33 0D 0A  460.0   0.303..
000242 00:47:32.796  20 34 35 39 2E 30 20 20 20 30 2E 33 30 35 0D 0A  459.0   0.305..
000243 00:47:32.812  20 34 35 38 2E 30 20 20 20 30 2E 33 30 36 0D 0A  458.0   0.306..
000244 00:47:32.828  20 34 35 37 2E 30 20 20 20 30 2E 33 30 37 0D 0A  457.0   0.307..
000245 00:47:32.843  20 34 35 36 2E 30 20 20 20 30 2E 33 30 38 0D 0A  456.0   0.308..
000246 00:47:32.875  20 34 35 35 2E 30 20 20 20 30 2E 33 30 39 0D 0A  455.0   0.309..
000247 00:47:32.890  20 34 35 34 2E 30 20 20 20 30 2E 33 31 31 0D 0A  454.0   0.311..
000248 00:47:32.906  20 34 35 33 2E 30 20 20 20 30 2E 33 31 32 0D 0A  453.0   0.312..
000249 00:47:32.906  20 34 35 32 2E 30 20 20 20 30 2E 33 31 33 0D 0A  452.0   0.313..
000250 00:47:32.921  20 34 35 31 2E 30 20 20 20 30 2E 33 31 35 0D 0A  451.0   0.315..
000251 00:47:32.953  20 34 35 30 2E 30 20 20 20 30 2E 33 31 36 0D 0A  450.0   0.316..
000252 00:47:32.953  20 34 34 39 2E 30 20 20 20 30 2E 33 31 38 0D 0A  449.0   0.318..
000253 00:47:32.984  20 34 34 38 2E 30 20 20 20 30 2E 33 31 39 0D 0A  448.0   0.319..
000254 00:47:33.000  20 34 34 37 2E 30 20 20 20 30 2E 33 32 31 0D 0A  447.0   0.321..
000255 00:47:33.015  20 34 34 36 2E 30 20 20 20 30 2E 33 32 32 0D 0A  446.0   0.322..
000256 00:47:33.031  20 34 34 35 2E 30 20 20 20 30 2E 33 32 34 0D 0A  445.0   0.324..
000257 00:47:33.046  20 34 34 34 2E 30 20 20 20 30 2E 33 32 36 0D 0A  444.0   0.326..
000258 00:47:33.062  20 34 34 33 2E 30 20 20 20 30 2E 33 32 38 0D 0A  443.0   0.328..
000259 00:47:33.078  20 34 34 32 2E 30 20 20 20 30 2E 33 32 39 0D 0A  442.0   0.329..
000260 00:47:33.109  20 34 34 31 2E 30 20 20 20 30 2E 33 33 32 0D 0A  441.0   0.332..
000261 00:47:33.125  20 34 34 30 2E 30 20 20 20 30 2E 33 33 34 0D 0A  440.0   0.334..
000262 00:47:33.140  20 34 33 39 2E 30 20 20 20 30 2E 33 33 36 0D 0A  439.0   0.336..
000263 00:47:33.156  20 34 33 38 2E 30 20 20 20 30 2E 33 33 38 0D 0A  438.0   0.338..
000264 00:47:33.171  20 34 33 37 2E 30 20 20 20 30 2E 33 34 30 0D 0A  437.0   0.340..
000265 00:47:33.171  20 34 33 36 2E 30 20 20 20 30 2E 33 34 32 0D 0A  436.0   0.342..
000266 00:47:33.187  20 34 33 35 2E 30 20 20 20 30 2E 33 34 35 0D 0A  435.0   0.345..
000267 00:47:33.218  20 34 33 34 2E 30 20 20 20 30 2E 33 34 37 0D 0A  434.0   0.347..
000268 00:47:33.234  20 34 33 33 2E 30 20 20 20 30 2E 33 35 30 0D 0A  433.0   0.350..
000269 00:47:33.250  20 34 33 32 2E 30 20 20 20 30 2E 33 35 33 0D 0A  432.0   0.353..
000270 00:47:33.265  20 34 33 31 2E 30 20 20 20 30 2E 33 35 35 0D 0A  431.0   0.355..
000271 00:47:33.281  20 34 33 30 2E 30 20 20 20 30 2E 33 35 38 0D 0A  430.0   0.358..
000272 00:47:33.296  20 34 32 39 2E 30 20 20 20 30 2E 33 36 31 0D 0A  429.0   0.361..
000273 00:47:33.312  20 34 32 38 2E 30 20 20 20 30 2E 33 36 35 0D 0A  428.0   0.365..
000274 00:47:33.343  20 34 32 37 2E 30 20 20 20 30 2E 33 36 39 0D 0A  427.0   0.369..
000275 00:47:33.359  20 34 32 36 2E 30 20 20 20 30 2E 33 37 33 0D 0A  426.0   0.373..
000276 00:47:33.375  20 34 32 35 2E 30 20 20 20 30 2E 33 37 36 0D 0A  425.0   0.376..
000277 00:47:33.390  20 34 32 34 2E 30 20 20 20 30 2E 33 38 31 0D 0A  424.0   0.381..
000278 00:47:33.421  20 34 32 33 2E 30 20 20 20 30 2E 33 38 36 0D 0A  423.0   0.386..
000279 00:47:33.421  20 34 32 32 2E 30 20 20 20 30 2E 33 39 31 0D 0A  422.0   0.391..
000280 00:47:33.437  20 34 32 31 2E 30 20 20 20 30 2E 33 39 36 0D 0A  421.0   0.396..
000281 00:47:33.453  20 34 32 30 2E 30 20 20 20 30 2E 34 30 32 0D 0A  420.0   0.402..
000282 00:47:33.468  20 34 31 39 2E 30 20 20 20 30 2E 34 30 37 0D 0A  419.0   0.407..
000283 00:47:33.500  20 34 31 38 2E 30 20 20 20 30 2E 34 31 33 0D 0A  418.0   0.413..
000284 00:47:33.500  20 34 31 37 2E 30 20 20 20 30 2E 34 32 30 0D 0A  417.0   0.420..
000285 00:47:33.515  20 34 31 36 2E 30 20 20 20 30 2E 34 32 37 0D 0A  416.0   0.427..
000286 00:47:33.531  20 34 31 35 2E 30 20 20 20 30 2E 34 33 32 0D 0A  415.0   0.432..
000287 00:47:33.546  20 34 31 34 2E 30 20 20 20 30 2E 34 33 38 0D 0A  414.0   0.438..
000288 00:47:33.578  20 34 31 33 2E 30 20 20 20 30 2E 34 34 34 0D 0A  413.0   0.444..
000289 00:47:33.593  20 34 31 32 2E 30 20 20 20 30 2E 34 35 32 0D 0A  412.0   0.452..
000290 00:47:33.609  20 34 31 31 2E 30 20 20 20 30 2E 34 35 38 0D 0A  411.0   0.458..
000291 00:47:33.625  20 34 31 30 2E 30 20 20 20 30 2E 34 36 34 0D 0A  410.0   0.464..
000292 00:47:33.640  20 34 30 39 2E 30 20 20 20 30 2E 34 37 30 0D 0A  409.0   0.470..
000293 00:47:33.656  20 34 30 38 2E 30 20 20 20 30 2E 34 37 35 0D 0A  408.0   0.475..
000294 00:47:33.671  20 34 30 37 2E 30 20 20 20 30 2E 34 37 39 0D 0A  407.0   0.479..
000295 00:47:33.687  20 34 30 36 2E 30 20 20 20 30 2E 34 38 32 0D 0A  406.0   0.482..
000296 00:47:33.718  20 34 30 35 2E 30 20 20 20 30 2E 34 38 34 0D 0A  405.0   0.484..
000297 00:47:33.718  20 34 30 34 2E 30 20 20 20 30 2E 34 38 35 0D 0A  404.0   0.485..
000298 00:47:33.734  20 34 30 33 2E 30 20 20 20 30 2E 34 38 35 0D 0A  403.0   0.485..
000299 00:47:33.750  20 34 30 32 2E 30 20 20 20 30 2E 34 38 34 0D 0A  402.0   0.484..
000300 00:47:33.765  20 34 30 31 2E 30 20 20 20 30 2E 34 38 33 0D 0A  401.0   0.483..
000301 00:47:33.781  20 34 30 30 2E 30 20 20 20 30 2E 34 38 32 0D 0A  400.0   0.482..
000302 00:47:33.812  20 33 39 39 2E 30 20 20 20 30 2E 34 38 30 0D 0A  399.0   0.480..
000303 00:47:33.828  20 33 39 38 2E 30 20 20 20 30 2E 34 37 38 0D 0A  398.0   0.478..
000304 00:47:33.843  20 33 39 37 2E 30 20 20 20 30 2E 34 37 36 0D 0A  397.0   0.476..
000305 00:47:33.859  20 33 39 36 2E 30 20 20 20 30 2E 34 37 34 0D 0A  396.0   0.474..
000306 00:47:33.875  20 33 39 35 2E 30 20 20 20 30 2E 34 37 32 0D 0A  395.0   0.472..
000307 00:47:33.890  20 33 39 34 2E 30 20 20 20 30 2E 34 37 31 0D 0A  394.0   0.471..
000308 00:47:33.906  20 33 39 33 2E 30 20 20 20 30 2E 34 36 39 0D 0A  393.0   0.469..
000309 00:47:33.937  20 33 39 32 2E 30 20 20 20 30 2E 34 36 38 0D 0A  392.0   0.468..
000310 00:47:33.953  20 33 39 31 2E 30 20 20 20 30 2E 34 36 38 0D 0A  391.0   0.468..
000311 00:47:33.953  20 33 39 30 2E 30 20 20 20 30 2E 34 36 37 0D 0A  390.0   0.467..
000312 00:47:33.968  20 33 38 39 2E 30 20 20 20 30 2E 34 36 37 0D 0A  389.0   0.467..
000313 00:47:33.984  20 33 38 38 2E 30 20 20 20 30 2E 34 36 37 0D 0A  388.0   0.467..
000314 00:47:34.000  20 33 38 37 2E 30 20 20 20 30 2E 34 36 36 0D 0A  387.0   0.466..
000315 00:47:34.015  20 33 38 36 2E 30 20 20 20 30 2E 34 36 37 0D 0A  386.0   0.467..
000316 00:47:34.046  20 33 38 35 2E 30 20 20 20 30 2E 34 36 37 0D 0A  385.0   0.467..
000317 00:47:34.062  20 33 38 34 2E 30 20 20 20 30 2E 34 36 38 0D 0A  384.0   0.468..
000318 00:47:34.078  20 33 38 33 2E 30 20 20 20 30 2E 34 36 38 0D 0A  383.0   0.468..
000319 00:47:34.093  20 33 38 32 2E 30 20 20 20 30 2E 34 36 39 0D 0A  382.0   0.469..
000320 00:47:34.109  20 33 38 31 2E 30 20 20 20 30 2E 34 37 30 0D 0A  381.0   0.470..
000321 00:47:34.125  20 33 38 30 2E 30 20 20 20 30 2E 34 37 30 0D 0A  380.0   0.470..
000322 00:47:34.140  20 33 37 39 2E 30 20 20 20 30 2E 34 37 31 0D 0A  379.0   0.471..
000323 00:47:34.171  20 33 37 38 2E 30 20 20 20 30 2E 34 37 32 0D 0A  378.0   0.472..
000324 00:47:34.187  20 33 37 37 2E 30 20 20 20 30 2E 34 37 33 0D 0A  377.0   0.473..
000325 00:47:34.203  20 33 37 36 2E 30 20 20 20 30 2E 34 37 34 0D 0A  376.0   0.474..
000326 00:47:34.218  20 33 37 35 2E 30 20 20 20 30 2E 34 37 35 0D 0A  375.0   0.475..
000327 00:47:34.218  20 33 37 34 2E 30 20 20 20 30 2E 34 37 36 0D 0A  374.0   0.476..
000328 00:47:34.234  20 33 37 33 2E 30 20 20 20 30 2E 34 37 38 0D 0A  373.0   0.478..
000329 00:47:34.250  20 33 37 32 2E 30 20 20 20 30 2E 34 38 30 0D 0A  372.0   0.480..
000330 00:47:34.281  20 33 37 31 2E 30 20 20 20 30 2E 34 38 31 0D 0A  371.0   0.481..
000331 00:47:34.296  20 33 37 30 2E 30 20 20 20 30 2E 34 38 33 0D 0A  370.0   0.483..
000332 00:47:34.312  20 33 36 39 2E 30 20 20 20 30 2E 34 38 34 0D 0A  369.0   0.484..
000333 00:47:34.328  20 33 36 38 2E 30 20 20 20 30 2E 34 38 36 0D 0A  368.0   0.486..
000334 00:47:34.343  20 33 36 37 2E 30 20 20 20 30 2E 34 38 39 0D 0A  367.0   0.489..
000335 00:47:34.359  20 33 36 36 2E 30 20 20 20 30 2E 34 39 31 0D 0A  366.0   0.491..
000336 00:47:34.375  20 33 36 35 2E 30 20 20 20 30 2E 34 38 38 0D 0A  365.0   0.488..
000337 00:47:34.406  20 33 36 34 2E 30 20 20 20 30 2E 34 39 30 0D 0A  364.0   0.490..
000338 00:47:34.421  20 33 36 33 2E 30 20 20 20 30 2E 34 39 32 0D 0A  363.0   0.492..
000339 00:47:34.437  20 33 36 32 2E 30 20 20 20 30 2E 34 39 34 0D 0A  362.0   0.494..
000340 00:47:34.453  20 33 36 31 2E 30 20 20 20 30 2E 34 39 37 0D 0A  361.0   0.497..
000341 00:47:34.468  20 33 36 30 2E 30 20 20 20 30 2E 34 39 39 0D 0A  360.0   0.499..
000342 00:47:34.484  20 33 35 39 2E 30 20 20 20 30 2E 35 30 32 0D 0A  359.0   0.502..
000343 00:47:34.484  20 33 35 38 2E 30 20 20 20 30 2E 35 30 34 0D 0A  358.0   0.504..
000344 00:47:34.515  20 33 35 37 2E 30 20 20 20 30 2E 35 30 36 0D 0A  357.0   0.506..
000345 00:47:34.531  20 33 35 36 2E 30 20 20 20 30 2E 35 30 39 0D 0A  356.0   0.509..
000346 00:47:34.546  20 33 35 35 2E 30 20 20 20 30 2E 35 31 32 0D 0A  355.0   0.512..
000347 00:47:34.562  20 33 35 34 2E 30 20 20 20 30 2E 35 31 34 0D 0A  354.0   0.514..
000348 00:47:34.578  20 33 35 33 2E 30 20 20 20 30 2E 35 31 37 0D 0A  353.0   0.517..
000349 00:47:34.593  20 33 35 32 2E 30 20 20 20 30 2E 35 32 30 0D 0A  352.0   0.520..
000350 00:47:34.609  20 33 35 31 2E 30 20 20 20 30 2E 35 32 32 0D 0A  351.0   0.522..
000351 00:47:34.640  20 33 35 30 2E 30 20 20 20 30 2E 35 32 35 0D 0A  350.0   0.525..
000352 00:47:34.656  20 33 34 39 2E 30 20 20 20 30 2E 35 32 37 0D 0A  349.0   0.527..
000353 00:47:34.671  20 33 34 38 2E 30 20 20 20 30 2E 35 33 30 0D 0A  348.0   0.530..
000354 00:47:34.687  20 33 34 37 2E 30 20 20 20 30 2E 35 33 33 0D 0A  347.0   0.533..
000355 00:47:34.703  20 33 34 36 2E 30 20 20 20 30 2E 35 33 36 0D 0A  346.0   0.536..
000356 00:47:34.718  20 33 34 35 2E 30 20 20 20 30 2E 35 33 39 0D 0A  345.0   0.539..
000357 00:47:34.734  20 33 34 34 2E 30 20 20 20 30 2E 35 34 32 0D 0A  344.0   0.542..
000358 00:47:34.750  20 33 34 33 2E 30 20 20 20 30 2E 35 34 35 0D 0A  343.0   0.545..
000359 00:47:34.765  20 33 34 32 2E 30 20 20 20 30 2E 35 34 37 0D 0A  342.0   0.547..
000360 00:47:34.781  20 33 34 31 2E 30 20 20 20 30 2E 35 35 31 0D 0A  341.0   0.551..
000361 00:47:34.796  20 33 34 30 2E 30 20 20 20 30 2E 35 37 33 0D 0A  340.0   0.573..
000362 00:47:34.812  20 33 33 39 2E 30 20 20 20 30 2E 35 37 34 0D 0A  339.0   0.574..
000363 00:47:34.828  20 33 33 38 2E 30 20 20 20 30 2E 35 37 37 0D 0A  338.0   0.577..
000364 00:47:34.843  20 33 33 37 2E 30 20 20 20 30 2E 35 38 30 0D 0A  337.0   0.580..
000365 00:47:34.875  20 33 33 36 2E 30 20 20 20 30 2E 35 38 34 0D 0A  336.0   0.584..
000366 00:47:34.890  20 33 33 35 2E 30 20 20 20 30 2E 35 38 37 0D 0A  335.0   0.587..
000367 00:47:34.906  20 33 33 34 2E 30 20 20 20 30 2E 35 39 31 0D 0A  334.0   0.591..
000368 00:47:34.921  20 33 33 33 2E 30 20 20 20 30 2E 35 39 34 0D 0A  333.0   0.594..
000369 00:47:34.937  20 33 33 32 2E 30 20 20 20 30 2E 35 39 37 0D 0A  332.0   0.597..
000370 00:47:34.953  20 33 33 31 2E 30 20 20 20 30 2E 36 30 30 0D 0A  331.0   0.600..
000371 00:47:34.968  20 33 33 30 2E 30 20 20 20 30 2E 36 30 35 0D 0A  330.0   0.605..
000372 00:47:35.000  20 33 32 39 2E 30 20 20 20 30 2E 36 30 38 0D 0A  329.0   0.608..
000373 00:47:35.000  20 33 32 38 2E 30 20 20 20 30 2E 36 31 31 0D 0A  328.0   0.611..
000374 00:47:35.015  20 33 32 37 2E 30 20 20 20 30 2E 36 31 35 0D 0A  327.0   0.615..
000375 00:47:35.031  20 33 32 36 2E 30 20 20 20 30 2E 36 32 30 0D 0A  326.0   0.620..
000376 00:47:35.046  20 33 32 35 2E 30 20 20 20 30 2E 36 32 34 0D 0A  325.0   0.624..
000377 00:47:35.062  20 33 32 34 2E 30 20 20 20 30 2E 36 32 37 0D 0A  324.0   0.627..
000378 00:47:35.078  20 33 32 33 2E 30 20 20 20 30 2E 36 33 31 0D 0A  323.0   0.631..
000379 00:47:35.109  20 33 32 32 2E 30 20 20 20 30 2E 36 33 35 0D 0A  322.0   0.635..
000380 00:47:35.125  20 33 32 31 2E 30 20 20 20 30 2E 36 33 39 0D 0A  321.0   0.639..
000381 00:47:35.156  20 33 32 30 2E 30 20 20 20 30 2E 36 34 33 0D 0A  320.0   0.643..
000382 00:47:35.156  20 33 31 39 2E 30 20 20 20 30 2E 36 34 38 0D 0A  319.0   0.648..
000383 00:47:35.171  20 33 31 38 2E 30 20 20 20 30 2E 36 35 33 0D 0A  318.0   0.653..
000384 00:47:35.187  20 33 31 37 2E 30 20 20 20 30 2E 36 35 37 0D 0A  317.0   0.657..
000385 00:47:35.203  20 33 31 36 2E 30 20 20 20 30 2E 36 36 32 0D 0A  316.0   0.662..
000386 00:47:35.234  20 33 31 35 2E 30 20 20 20 30 2E 36 36 37 0D 0A  315.0   0.667..
000387 00:47:35.250  20 33 31 34 2E 30 20 20 20 30 2E 36 37 34 0D 0A  314.0   0.674..
000388 00:47:35.265  20 33 31 33 2E 30 20 20 20 30 2E 36 38 30 0D 0A  313.0   0.680..
000389 00:47:35.265  20 33 31 32 2E 30 20 20 20 30 2E 36 38 36 0D 0A  312.0   0.686..
000390 00:47:35.281  20 33 31 31 2E 30 20 20 20 30 2E 36 39 36 0D 0A  311.0   0.696..
000391 00:47:35.296  20 33 31 30 2E 30 20 20 20 30 2E 37 30 35 0D 0A  310.0   0.705..
000392 00:47:35.312  20 33 30 39 2E 30 20 20 20 30 2E 37 31 33 0D 0A  309.0   0.713..
000393 00:47:35.343  20 33 30 38 2E 30 20 20 20 30 2E 37 32 36 0D 0A  308.0   0.726..
000394 00:47:35.375  20 33 30 37 2E 30 20 20 20 30 2E 37 34 31 0D 0A  307.0   0.741..
000395 00:47:35.406  20 33 30 36 2E 30 20 20 20 30 2E 37 37 33 0D 0A  306.0   0.773..
000396 00:47:35.406  20 33 30 35 2E 30 20 20 20 30 2E 37 38 39 0D 0A  305.0   0.789..
000397 00:47:35.406  20 33 30 34 2E 30 20 20 20 30 2E 38 31 35 0D 0A  304.0   0.815..
000398 00:47:35.421  20 33 30 33 2E 30 20 20 20 30 2E 38 34 36 0D 0A  303.0   0.846..
000399 00:47:35.437  20 33 30 32 2E 30 20 20 20 30 2E 38 38 36 0D 0A  302.0   0.886..
000400 00:47:35.468  20 33 30 31 2E 30 20 20 20 30 2E 39 32 39 0D 0A  301.0   0.929..
000401 00:47:35.484  20 33 30 30 2E 30 20 20 20 30 2E 39 37 39 0D 0A  300.0   0.979..
000402 00:47:35.500  20 32 39 39 2E 30 20 20 20 31 2E 30 34 32 0D 0A  299.0   1.042..
000403 00:47:35.515  20 32 39 38 2E 30 20 20 20 31 2E 31 31 33 0D 0A  298.0   1.113..
000404 00:47:35.531  20 32 39 37 2E 30 20 20 20 31 2E 31 38 39 0D 0A  297.0   1.189..
000405 00:47:35.531  20 32 39 36 2E 30 20 20 20 31 2E 32 38 30 0D 0A  296.0   1.280..
000406 00:47:35.546  20 32 39 35 2E 30 20 20 20 31 2E 33 39 30 0D 0A  295.0   1.390..
000407 00:47:35.593  20 32 39 34 2E 30 20 20 20 31 2E 35 32 32 0D 0A  294.0   1.522..
000408 00:47:35.593  20 32 39 33 2E 30 20 20 20 31 2E 36 35 32 0D 0A  293.0   1.652..
000409 00:47:35.609  20 32 39 32 2E 30 20 20 20 31 2E 38 30 30 0D 0A  292.0   1.800..
000410 00:47:35.625  20 32 39 31 2E 30 20 20 20 31 2E 39 35 32 0D 0A  291.0   1.952..
000411 00:47:35.640  20 32 39 30 2E 30 20 20 20 32 2E 31 30 30 0D 0A  290.0   2.100..
000412 00:47:35.656  20 32 38 39 2E 30 20 20 20 32 2E 32 33 39 0D 0A  289.0   2.239..
000413 00:47:35.671  20 32 38 38 2E 30 20 20 20 32 2E 33 37 36 0D 0A  288.0   2.376..
000414 00:47:35.703  20 32 38 37 2E 30 20 20 20 32 2E 35 32 39 0D 0A  287.0   2.529..
000415 00:47:35.718  20 32 38 36 2E 30 20 20 20 32 2E 36 36 34 0D 0A  286.0   2.664..
000416 00:47:35.734  20 32 38 35 2E 30 20 20 20 32 2E 37 37 32 0D 0A  285.0   2.772..
000417 00:47:35.750  20 32 38 34 2E 30 20 20 20 32 2E 39 31 33 0D 0A  284.0   2.913..
000418 00:47:35.765  20 32 38 33 2E 30 20 20 20 33 2E 30 34 32 0D 0A  283.0   3.042..
000419 00:47:35.781  20 32 38 32 2E 30 20 20 20 33 2E 31 32 35 0D 0A  282.0   3.125..
000420 00:47:35.796  20 32 38 31 2E 30 20 20 20 33 2E 31 32 39 0D 0A  281.0   3.129..
000421 00:47:35.812  20 32 38 30 2E 30 20 20 20 33 2E 32 33 30 0D 0A  280.0   3.230..
000422 00:47:35.828  20 32 37 39 2E 30 20 20 20 33 2E 32 33 34 0D 0A  279.0   3.234..
000423 00:47:35.843  20 32 37 38 2E 30 20 20 20 33 2E 32 33 39 0D 0A  278.0   3.239..
000424 00:47:35.859  20 32 37 37 2E 30 20 20 20 33 2E 32 34 33 0D 0A  277.0   3.243..
000425 00:47:35.875  20 32 37 36 2E 30 20 20 20 33 2E 32 34 39 0D 0A  276.0   3.249..
000426 00:47:35.890  20 32 37 35 2E 30 20 20 20 33 2E 31 35 38 0D 0A  275.0   3.158..
000427 00:47:35.906  20 32 37 34 2E 30 20 20 20 33 2E 31 36 35 0D 0A  274.0   3.165..
000428 00:47:35.953  20 32 37 33 2E 30 20 20 20 33 2E 31 37 32 0D 0A  273.0   3.172..
000429 00:47:35.953  20 32 37 32 2E 30 20 20 20 33 2E 31 30 31 0D 0A  272.0   3.101..
000430 00:47:35.968  20 32 37 31 2E 30 20 20 20 33 2E 31 31 30 0D 0A  271.0   3.110..
000431 00:47:35.984  20 32 37 30 2E 30 20 20 20 32 2E 39 39 34 0D 0A  270.0   2.994..
000432 00:47:36.000  20 32 36 39 2E 30 20 20 20 32 2E 39 35 33 0D 0A  269.0   2.953..
000433 00:47:36.015  20 32 36 38 2E 30 20 20 20 32 2E 39 31 39 0D 0A  268.0   2.919..
000434 00:47:36.031  20 32 36 37 2E 30 20 20 20 32 2E 38 35 32 0D 0A  267.0   2.852..
000435 00:47:36.046  20 32 36 36 2E 30 20 20 20 32 2E 37 36 37 0D 0A  266.0   2.767..
000436 00:47:36.078  20 32 36 35 2E 30 20 20 20 32 2E 37 30 30 0D 0A  265.0   2.700..
000437 00:47:36.078  20 32 36 34 2E 30 20 20 20 32 2E 36 32 36 0D 0A  264.0   2.626..
000438 00:47:36.093  20 32 36 33 2E 30 20 20 20 32 2E 35 36 36 0D 0A  263.0   2.566..
000439 00:47:36.109  20 32 36 32 2E 30 20 20 20 32 2E 35 30 31 0D 0A  262.0   2.501..
000440 00:47:36.125  20 32 36 31 2E 30 20 20 20 32 2E 34 34 38 0D 0A  261.0   2.448..
000441 00:47:36.156  20 32 36 30 2E 30 20 20 20 32 2E 33 39 34 0D 0A  260.0   2.394..
000442 00:47:36.171  20 32 35 39 2E 30 20 20 20 32 2E 33 34 38 0D 0A  259.0   2.348..
000443 00:47:36.187  20 32 35 38 2E 30 20 20 20 32 2E 32 39 32 0D 0A  258.0   2.292..
000444 00:47:36.203  20 32 35 37 2E 30 20 20 20 32 2E 32 37 32 0D 0A  257.0   2.272..
000445 00:47:36.218  20 32 35 36 2E 30 20 20 20 32 2E 32 32 39 0D 0A  256.0   2.229..
000446 00:47:36.234  20 32 35 35 2E 30 20 20 20 32 2E 32 31 35 0D 0A  255.0   2.215..
000447 00:47:36.250  20 32 35 34 2E 30 20 20 20 32 2E 31 38 30 0D 0A  254.0   2.180..
000448 00:47:36.265  20 32 35 33 2E 30 20 20 20 32 2E 31 39 31 0D 0A  253.0   2.191..
000449 00:47:36.296  20 32 35 32 2E 30 20 20 20 32 2E 32 30 31 0D 0A  252.0   2.201..
000450 00:47:36.312  20 32 35 31 2E 30 20 20 20 32 2E 32 31 33 0D 0A  251.0   2.213..
000451 00:47:36.312  20 32 35 30 2E 30 20 20 20 32 2E 32 32 33 0D 0A  250.0   2.223..
000452 00:47:36.328  20 32 34 39 2E 30 20 20 20 32 2E 32 37 39 0D 0A  249.0   2.279..
000453 00:47:36.343  20 32 34 38 2E 30 20 20 20 32 2E 33 34 30 0D 0A  248.0   2.340..
000454 00:47:36.375  20 32 34 37 2E 30 20 20 20 32 2E 34 30 38 0D 0A  247.0   2.408..
000455 00:47:36.375  20 32 34 36 2E 30 20 20 20 32 2E 35 32 32 0D 0A  246.0   2.522..
000456 00:47:36.406  20 32 34 35 2E 30 20 20 20 32 2E 36 31 39 0D 0A  245.0   2.619..
000457 00:47:36.421  20 32 34 34 2E 30 20 20 20 32 2E 38 30 33 0D 0A  244.0   2.803..
000458 00:47:36.437  20 32 34 33 2E 30 20 20 20 32 2E 39 38 37 0D 0A  243.0   2.987..
000459 00:47:36.453  20 32 34 32 2E 30 20 20 20 33 2E 31 32 30 0D 0A  242.0   3.120..
000460 00:47:36.468  20 32 34 31 2E 30 20 20 20 33 2E 36 30 34 0D 0A  241.0   3.604..
000461 00:47:36.484  20 32 34 30 2E 30 20 20 20 34 2E 30 30 30 0D 0A  240.0   4.000..
000462 00:47:36.500  20 32 33 39 2E 30 20 20 20 34 2E 30 30 30 0D 0A  239.0   4.000..
000463 00:47:36.531  20 32 33 38 2E 30 20 20 20 34 2E 30 30 30 0D 0A  238.0   4.000..
000464 00:47:36.546  20 32 33 37 2E 30 20 20 20 34 2E 30 30 30 0D 0A  237.0   4.000..
000465 00:47:36.562  20 32 33 36 2E 30 20 20 20 34 2E 30 30 30 0D 0A  236.0   4.000..
000466 00:47:36.578  20 32 33 35 2E 30 20 20 20 34 2E 30 30 30 0D 0A  235.0   4.000..
000467 00:47:36.593  20 32 33 34 2E 30 20 20 20 34 2E 30 30 30 0D 0A  234.0   4.000..
000468 00:47:36.609  20 32 33 33 2E 30 20 20 20 34 2E 30 30 30 0D 0A  233.0   4.000..
000469 00:47:36.609  20 32 33 32 2E 30 20 20 20 34 2E 30 30 30 0D 0A  232.0   4.000..
000470 00:47:36.640  20 32 33 31 2E 30 20 20 20 34 2E 30 30 30 0D 0A  231.0   4.000..
000471 00:47:36.656  20 32 33 30 2E 30 20 20 20 34 2E 30 30 30 0D 0A  230.0   4.000..
000472 00:47:36.671  20 32 32 39 2E 30 20 20 20 34 2E 30 30 30 0D 0A  229.0   4.000..
000473 00:47:36.687  20 32 32 38 2E 30 20 20 20 34 2E 30 30 30 0D 0A  228.0   4.000..
000474 00:47:36.703  20 32 32 37 2E 30 20 20 20 33 2E 35 35 35 0D 0A  227.0   3.555..
000475 00:47:36.718  20 32 32 36 2E 30 20 20 20 34 2E 30 30 30 0D 0A  226.0   4.000..
000476 00:47:36.734  20 32 32 35 2E 30 20 20 20 34 2E 30 30 30 0D 0A  225.0   4.000..
000477 00:47:36.765  20 32 32 34 2E 30 20 20 20 34 2E 30 30 30 0D 0A  224.0   4.000..
000478 00:47:36.781  20 32 32 33 2E 30 20 20 20 34 2E 30 30 30 0D 0A  223.0   4.000..
000479 00:47:36.796  20 32 32 32 2E 30 20 20 20 33 2E 35 30 38 0D 0A  222.0   3.508..
000480 00:47:36.812  20 32 32 31 2E 30 20 20 20 34 2E 30 30 30 0D 0A  221.0   4.000..
000481 00:47:36.828  20 32 32 30 2E 30 20 20 20 34 2E 30 30 30 0D 0A  220.0   4.000..
000482 00:47:36.843  20 32 31 39 2E 30 20 20 20 34 2E 30 30 30 0D 0A  219.0   4.000..
000483 00:47:36.843  20 32 31 38 2E 30 20 20 20 34 2E 30 30 30 0D 0A  218.0   4.000..
000484 00:47:36.875  20 32 31 37 2E 30 20 20 20 33 2E 34 35 33 0D 0A  217.0   3.453..
000485 00:47:36.890  20 32 31 36 2E 30 20 20 20 34 2E 30 30 30 0D 0A  216.0   4.000..
000486 00:47:36.906  20 32 31 35 2E 30 20 20 20 34 2E 30 30 30 0D 0A  215.0   4.000..
000487 00:47:36.937  20 32 31 34 2E 30 20 20 20 34 2E 30 30 30 0D 0A  214.0   4.000..
000488 00:47:36.937  20 32 31 33 2E 30 20 20 20 34 2E 30 30 30 0D 0A  213.0   4.000..
000489 00:47:36.953  20 32 31 32 2E 30 20 20 20 34 2E 30 30 30 0D 0A  212.0   4.000..
000490 00:47:36.968  20 32 31 31 2E 30 20 20 20 34 2E 30 30 30 0D 0A  211.0   4.000..
000491 00:47:37.000  20 32 31 30 2E 30 20 20 20 34 2E 30 30 30 0D 0A  210.0   4.000..
000492 00:47:37.015  20 32 30 39 2E 30 20 20 20 34 2E 30 30 30 0D 0A  209.0   4.000..
000493 00:47:37.031  20 32 30 38 2E 30 20 20 20 34 2E 30 30 30 0D 0A  208.0   4.000..
000494 00:47:37.046  20 32 30 37 2E 30 20 20 20 34 2E 30 30 30 0D 0A  207.0   4.000..
000495 00:47:37.062  20 32 30 36 2E 30 20 20 20 34 2E 30 30 30 0D 0A  206.0   4.000..
000496 00:47:37.078  20 32 30 35 2E 30 20 20 20 34 2E 30 30 30 0D 0A  205.0   4.000..
000497 00:47:37.093  20 32 30 34 2E 30 20 20 20 34 2E 30 30 30 0D 0A  204.0   4.000..
000498 00:47:37.109  20 32 30 33 2E 30 20 20 20 34 2E 30 30 30 0D 0A  203.0   4.000..
000499 00:47:37.125  20 32 30 32 2E 30 20 20 20 34 2E 30 30 30 0D 0A  202.0   4.000..
000500 00:47:37.156  20 32 30 31 2E 30 20 20 20 34 2E 30 30 30 0D 0A  201.0   4.000..
000501 00:47:37.156  20 32 30 30 2E 30 20 20 20 33 2E 35 34 30 0D 0A  200.0   3.540..
000502 00:47:37.171  20 31 39 39 2E 30 20 20 20 34 2E 30 30 30 0D 0A  199.0   4.000..
000503 00:47:37.187  20 31 39 38 2E 30 20 20 20 33 2E 34 32 38 0D 0A  198.0   3.428..
000504 00:47:37.203  20 31 39 37 2E 30 20 20 20 34 2E 30 30 30 0D 0A  197.0   4.000..
000505 00:47:37.234  20 31 39 36 2E 30 20 20 20 34 2E 30 30 30 0D 0A  196.0   4.000..
000506 00:47:37.250  20 31 39 35 2E 30 20 20 20 34 2E 30 30 30 0D 0A  195.0   4.000..
000507 00:47:37.265  20 31 39 34 2E 30 20 20 20 34 2E 30 30 30 0D 0A  194.0   4.000..
000508 00:47:37.281  20 31 39 33 2E 30 20 20 20 34 2E 30 30 30 0D 0A  193.0   4.000..
000509 00:47:37.296  20 31 39 32 2E 30 20 20 20 34 2E 30 30 30 0D 0A  192.0   4.000..
000510 00:47:37.312  20 31 39 31 2E 30 20 20 20 33 2E 35 32 36 0D 0A  191.0   3.526..
000511 00:47:37.328  20 31 39 30 2E 30 20 20 20 34 2E 30 30 30 0D 0A  190.0   4.000..
000512 00:47:37.343  1A                                              .
