000001 01:14:06.609  20 37 30 30 2E 30 20 20 20 30 2E 30 31 38 0D 0A  700.0   0.018..
000002 01:14:06.625  20 36 39 39 2E 30 20 20 20 30 2E 30 31 38 0D 0A  699.0   0.018..
000003 01:14:06.640  20 36 39 38 2E 30 20 20 20 30 2E 30 31 38 0D 0A  698.0   0.018..
000004 01:14:06.656  20 36 39 37 2E 30 20 20 20 30 2E 30 31 38 0D 0A  697.0   0.018..
000005 01:14:06.671  20 36 39 36 2E 30 20 20 20 30 2E 30 31 38 0D 0A  696.0   0.018..
000006 01:14:06.687  20 36 39 35 2E 30 20 20 20 30 2E 30 31 38 0D 0A  695.0   0.018..
000007 01:14:06.703  20 36 39 34 2E 30 20 20 20 30 2E 30 31 39 0D 0A  694.0   0.019..
000008 01:14:06.734  20 36 39 33 2E 30 20 20 20 30 2E 30 31 39 0D 0A  693.0   0.019..
000009 01:14:06.750  20 36 39 32 2E 30 20 20 20 30 2E 30 31 39 0D 0A  692.0   0.019..
000010 01:14:06.765  20 36 39 31 2E 30 20 20 20 30 2E 30 31 39 0D 0A  691.0   0.019..
000011 01:14:06.781  20 36 39 30 2E 30 20 20 20 30 2E 30 31 39 0D 0A  690.0   0.019..
000012 01:14:06.796  20 36 38 39 2E 30 20 20 20 30 2E 30 31 39 0D 0A  689.0   0.019..
000013 01:14:06.812  20 36 38 38 2E 30 20 20 20 30 2E 30 31 39 0D 0A  688.0   0.019..
000014 01:14:06.828  20 36 38 37 2E 30 20 20 20 30 2E 30 31 39 0D 0A  687.0   0.019..
000015 01:14:06.843  20 36 38 36 2E 30 20 20 20 30 2E 30 31 39 0D 0A  686.0   0.019..
000016 01:14:06.859  20 36 38 35 2E 30 20 20 20 30 2E 30 31 39 0D 0A  685.0   0.019..
000017 01:14:06.875  20 36 38 34 2E 30 20 20 20 30 2E 30 31 39 0D 0A  684.0   0.019..
000018 01:14:06.890  20 36 38 33 2E 30 20 20 20 30 2E 30 31 39 0D 0A  683.0   0.019..
000019 01:14:06.906  20 36 38 32 2E 30 20 20 20 30 2E 30 31 39 0D 0A  682.0   0.019..
000020 01:14:06.921  20 36 38 31 2E 30 20 20 20 30 2E 30 31 39 0D 0A  681.0   0.019..
000021 01:14:06.937  20 36 38 30 2E 30 20 20 20 30 2E 30 31 39 0D 0A  680.0   0.019..
000022 01:14:06.968  20 36 37 39 2E 30 20 20 20 30 2E 30 31 39 0D 0A  679.0   0.019..
000023 01:14:06.984  20 36 37 38 2E 30 20 20 20 30 2E 30 31 39 0D 0A  678.0   0.019..
000024 01:14:07.000  20 36 37 37 2E 30 20 20 20 30 2E 30 31 39 0D 0A  677.0   0.019..
000025 01:14:07.015  20 36 37 36 2E 30 20 20 20 30 2E 30 32 30 0D 0A  676.0   0.020..
000026 01:14:07.031  20 36 37 35 2E 30 20 20 20 30 2E 30 32 30 0D 0A  675.0   0.020..
000027 01:14:07.046  20 36 37 34 2E 30 20 20 20 30 2E 30 32 30 0D 0A  674.0   0.020..
000028 01:14:07.062  20 36 37 33 2E 30 20 20 20 30 2E 30 32 30 0D 0A  673.0   0.020..
000029 01:14:07.093  20 36 37 32 2E 30 20 20 20 30 2E 30 32 30 0D 0A  672.0   0.020..
000030 01:14:07.109  20 36 37 31 2E 30 20 20 20 30 2E 30 32 30 0D 0A  671.0   0.020..
000031 01:14:07.109  20 36 37 30 2E 30 20 20 20 30 2E 30 32 30 0D 0A  670.0   0.020..
000032 01:14:07.125  20 36 36 39 2E 30 20 20 20 30 2E 30 32 30 0D 0A  669.0   0.020..
000033 01:14:07.140  20 36 36 38 2E 30 20 20 20 30 2E 30 32 30 0D 0A  668.0   0.020..
000034 01:14:07.156  20 36 36 37 2E 30 20 20 20 30 2E 30 32 31 0D 0A  667.0   0.021..
000035 01:14:07.171  20 36 36 36 2E 30 20 20 20 30 2E 30 32 31 0D 0A  666.0   0.021..
000036 01:14:07.203  20 36 36 35 2E 30 20 20 20 30 2E 30 32 31 0D 0A  665.0   0.021..
000037 01:14:07.218  20 36 36 34 2E 30 20 20 20 30 2E 30 32 31 0D 0A  664.0   0.021..
000038 01:14:07.234  20 36 36 33 2E 30 20 20 20 30 2E 30 32 31 0D 0A  663.0   0.021..
000039 01:14:07.250  20 36 36 32 2E 30 20 20 20 30 2E 30 32 31 0D 0A  662.0   0.021..
000040 01:14:07.265  20 36 36 31 2E 30 20 20 20 30 2E 30 32 31 0D 0A  661.0   0.021..
000041 01:14:07.281  20 36 36 30 2E 30 20 20 20 30 2E 30 32 31 0D 0A  660.0   0.021..
000042 01:14:07.296  20 36 35 39 2E 30 20 20 20 30 2E 30 32 31 0D 0A  659.0   0.021..
000043 01:14:07.328  20 36 35 38 2E 30 20 20 20 30 2E 30 32 31 0D 0A  658.0   0.021..
000044 01:14:07.343  20 36 35 37 2E 30 20 20 20 30 2E 30 32 32 0D 0A  657.0   0.022..
000045 01:14:07.359  20 36 35 36 2E 30 20 20 20 30 2E 30 32 32 0D 0A  656.0   0.022..
000046 01:14:07.375  20 36 35 35 2E 30 20 20 20 30 2E 30 32 32 0D 0A  655.0   0.022..
000047 01:14:07.375  20 36 35 34 2E 30 20 20 20 30 2E 30 32 32 0D 0A  654.0   0.022..
000048 01:14:07.390  20 36 35 33 2E 30 20 20 20 30 2E 30 32 32 0D 0A  653.0   0.022..
000049 01:14:07.406  20 36 35 32 2E 30 20 20 20 30 2E 30 32 33 0D 0A  652.0   0.023..
000050 01:14:07.437  20 36 35 31 2E 30 20 20 20 30 2E 30 32 33 0D 0A  651.0   0.023..
000051 01:14:07.453  20 36 35 30 2E 30 20 20 20 30 2E 30 32 33 0D 0A  650.0   0.023..
000052 01:14:07.468  20 36 34 39 2E 30 20 20 20 30 2E 30 32 33 0D 0A  649.0   0.023..
000053 01:14:07.484  20 36 34 38 2E 30 20 20 20 30 2E 30 32 33 0D 0A  648.0   0.023..
000054 01:14:07.500  20 36 34 37 2E 30 20 20 20 30 2E 30 32 33 0D 0A  647.0   0.023..
000055 01:14:07.515  20 36 34 36 2E 30 20 20 20 30 2E 30 32 33 0D 0A  646.0   0.023..
000056 01:14:07.531  20 36 34 35 2E 30 20 20 20 30 2E 30 32 33 0D 0A  645.0   0.023..
000057 01:14:07.562  20 36 34 34 2E 30 20 20 20 30 2E 30 32 34 0D 0A  644.0   0.024..
000058 01:14:07.578  20 36 34 33 2E 30 20 20 20 30 2E 30 32 34 0D 0A  643.0   0.024..
000059 01:14:07.593  20 36 34 32 2E 30 20 20 20 30 2E 30 32 33 0D 0A  642.0   0.023..
000060 01:14:07.609  20 36 34 31 2E 30 20 20 20 30 2E 30 32 33 0D 0A  641.0   0.023..
000061 01:14:07.625  20 36 34 30 2E 30 20 20 20 30 2E 30 32 33 0D 0A  640.0   0.023..
000062 01:14:07.640  20 36 33 39 2E 30 20 20 20 30 2E 30 32 33 0D 0A  639.0   0.023..
000063 01:14:07.640  20 36 33 38 2E 30 20 20 20 30 2E 30 32 34 0D 0A  638.0   0.024..
000064 01:14:07.671  20 36 33 37 2E 30 20 20 20 30 2E 30 32 35 0D 0A  637.0   0.025..
000065 01:14:07.687  20 36 33 36 2E 30 20 20 20 30 2E 30 32 35 0D 0A  636.0   0.025..
000066 01:14:07.703  20 36 33 35 2E 30 20 20 20 30 2E 30 32 36 0D 0A  635.0   0.026..
000067 01:14:07.718  20 36 33 34 2E 30 20 20 20 30 2E 30 32 37 0D 0A  634.0   0.027..
000068 01:14:07.734  20 36 33 33 2E 30 20 20 20 30 2E 30 32 37 0D 0A  633.0   0.027..
000069 01:14:07.750  20 36 33 32 2E 30 20 20 20 30 2E 30 32 37 0D 0A  632.0   0.027..
000070 01:14:07.765  20 36 33 31 2E 30 20 20 20 30 2E 30 32 37 0D 0A  631.0   0.027..
000071 01:14:07.796  20 36 33 30 2E 30 20 20 20 30 2E 30 32 37 0D 0A  630.0   0.027..
000072 01:14:07.812  20 36 32 39 2E 30 20 20 20 30 2E 30 32 37 0D 0A  629.0   0.027..
000073 01:14:07.828  20 36 32 38 2E 30 20 20 20 30 2E 30 32 37 0D 0A  628.0   0.027..
000074 01:14:07.843  20 36 32 37 2E 30 20 20 20 30 2E 30 32 37 0D 0A  627.0   0.027..
000075 01:14:07.859  20 36 32 36 2E 30 20 20 20 30 2E 30 32 37 0D 0A  626.0   0.027..
000076 01:14:07.875  20 36 32 35 2E 30 20 20 20 30 2E 30 32 37 0D 0A  625.0   0.027..
000077 01:14:07.890  20 36 32 34 2E 30 20 20 20 30 2E 30 32 37 0D 0A  624.0   0.027..
000078 01:14:07.906  20 36 32 33 2E 30 20 20 20 30 2E 30 32 37 0D 0A  623.0   0.027..
000079 01:14:07.921  20 36 32 32 2E 30 20 20 20 30 2E 30 32 37 0D 0A  622.0   0.027..
000080 01:14:07.937  20 36 32 31 2E 30 20 20 20 30 2E 30 32 37 0D 0A  621.0   0.027..
000081 01:14:07.953  20 36 32 30 2E 30 20 20 20 30 2E 30 32 37 0D 0A  620.0   0.027..
000082 01:14:07.968  20 36 31 39 2E 30 20 20 20 30 2E 30 32 37 0D 0A  619.0   0.027..
000083 01:14:08.031  20 36 31 38 2E 30 20 20 20 30 2E 30 32 37 0D 0A  618.0   0.027..
000084 01:14:08.031  20 36 31 37 2E 30 20 20 20 30 2E 30 32 37 0D 0A  617.0   0.027..
000085 01:14:08.031  20 36 31 36 2E 30 20 20 20 30 2E 30 32 37 0D 0A  616.0   0.027..
000086 01:14:08.046  20 36 31 35 2E 30 20 20 20 30 2E 30 32 37 0D 0A  615.0   0.027..
000087 01:14:08.062  20 36 31 34 2E 30 20 20 20 30 2E 30 32 37 0D 0A  614.0   0.027..
000088 01:14:08.078  20 36 31 33 2E 30 20 20 20 30 2E 30 32 38 0D 0A  613.0   0.028..
000089 01:14:08.093  20 36 31 32 2E 30 20 20 20 30 2E 30 32 38 0D 0A  612.0   0.028..
000090 01:14:08.109  20 36 31 31 2E 30 20 20 20 30 2E 30 32 38 0D 0A  611.0   0.028..
000091 01:14:08.125  20 36 31 30 2E 30 20 20 20 30 2E 30 32 38 0D 0A  610.0   0.028..
000092 01:14:08.156  20 36 30 39 2E 30 20 20 20 30 2E 30 32 38 0D 0A  609.0   0.028..
000093 01:14:08.156  20 36 30 38 2E 30 20 20 20 30 2E 30 32 38 0D 0A  608.0   0.028..
000094 01:14:08.171  20 36 30 37 2E 30 20 20 20 30 2E 30 32 38 0D 0A  607.0   0.028..
000095 01:14:08.187  20 36 30 36 2E 30 20 20 20 30 2E 30 32 38 0D 0A  606.0   0.028..
000096 01:14:08.203  20 36 30 35 2E 30 20 20 20 30 2E 30 32 38 0D 0A  605.0   0.028..
000097 01:14:08.218  20 36 30 34 2E 30 20 20 20 30 2E 30 32 38 0D 0A  604.0   0.028..
000098 01:14:08.234  20 36 30 33 2E 30 20 20 20 30 2E 30 32 38 0D 0A  603.0   0.028..
000099 01:14:08.265  20 36 30 32 2E 30 20 20 20 30 2E 30 32 38 0D 0A  602.0   0.028..
000100 01:14:08.281  20 36 30 31 2E 30 20 20 20 30 2E 30 32 38 0D 0A  601.0   0.028..
000101 01:14:08.296  20 36 30 30 2E 30 20 20 20 30 2E 30 32 38 0D 0A  600.0   0.028..
000102 01:14:08.312  20 35 39 39 2E 30 20 20 20 30 2E 30 32 38 0D 0A  599.0   0.028..
000103 01:14:08.328  20 35 39 38 2E 30 20 20 20 30 2E 30 32 39 0D 0A  598.0   0.029..
000104 01:14:08.343  20 35 39 37 2E 30 20 20 20 30 2E 30 32 39 0D 0A  597.0   0.029..
000105 01:14:08.359  20 35 39 36 2E 30 20 20 20 30 2E 30 32 39 0D 0A  596.0   0.029..
000106 01:14:08.390  20 35 39 35 2E 30 20 20 20 30 2E 30 32 39 0D 0A  595.0   0.029..
000107 01:14:08.406  20 35 39 34 2E 30 20 20 20 30 2E 30 32 39 0D 0A  594.0   0.029..
000108 01:14:08.421  20 35 39 33 2E 30 20 20 20 30 2E 30 32 39 0D 0A  593.0   0.029..
000109 01:14:08.421  20 35 39 32 2E 30 20 20 20 30 2E 30 32 39 0D 0A  592.0   0.029..
000110 01:14:08.437  20 35 39 31 2E 30 20 20 20 30 2E 30 32 39 0D 0A  591.0   0.029..
000111 01:14:08.453  20 35 39 30 2E 30 20 20 20 30 2E 30 32 39 0D 0A  590.0   0.029..
000112 01:14:08.468  20 35 38 39 2E 30 20 20 20 30 2E 30 32 39 0D 0A  589.0   0.029..
000113 01:14:08.500  20 35 38 38 2E 30 20 20 20 30 2E 30 33 30 0D 0A  588.0   0.030..
000114 01:14:08.515  20 35 38 37 2E 30 20 20 20 30 2E 30 33 30 0D 0A  587.0   0.030..
000115 01:14:08.531  20 35 38 36 2E 30 20 20 20 30 2E 30 33 30 0D 0A  586.0   0.030..
000116 01:14:08.562  20 35 38 35 2E 30 20 20 20 30 2E 30 33 30 0D 0A  585.0   0.030..
000117 01:14:08.562  20 35 38 34 2E 30 20 20 20 30 2E 30 33 30 0D 0A  584.0   0.030..
000118 01:14:08.578  20 35 38 33 2E 30 20 20 20 30 2E 30 33 30 0D 0A  583.0   0.030..
000119 01:14:08.593  20 35 38 32 2E 30 20 20 20 30 2E 30 33 30 0D 0A  582.0   0.030..
000120 01:14:08.625  20 35 38 31 2E 30 20 20 20 30 2E 30 33 31 0D 0A  581.0   0.031..
000121 01:14:08.640  20 35 38 30 2E 30 20 20 20 30 2E 30 33 31 0D 0A  580.0   0.031..
000122 01:14:08.656  20 35 37 39 2E 30 20 20 20 30 2E 30 33 31 0D 0A  579.0   0.031..
000123 01:14:08.671  20 35 37 38 2E 30 20 20 20 30 2E 30 33 31 0D 0A  578.0   0.031..
000124 01:14:08.687  20 35 37 37 2E 30 20 20 20 30 2E 30 33 31 0D 0A  577.0   0.031..
000125 01:14:08.687  20 35 37 36 2E 30 20 20 20 30 2E 30 33 31 0D 0A  576.0   0.031..
000126 01:14:08.703  20 35 37 35 2E 30 20 20 20 30 2E 30 33 31 0D 0A  575.0   0.031..
000127 01:14:08.734  20 35 37 34 2E 30 20 20 20 30 2E 30 33 31 0D 0A  574.0   0.031..
000128 01:14:08.750  20 35 37 33 2E 30 20 20 20 30 2E 30 33 31 0D 0A  573.0   0.031..
000129 01:14:08.765  20 35 37 32 2E 30 20 20 20 30 2E 30 33 31 0D 0A  572.0   0.031..
000130 01:14:08.781  20 35 37 31 2E 30 20 20 20 30 2E 30 33 32 0D 0A  571.0   0.032..
000131 01:14:08.796  20 35 37 30 2E 30 20 20 20 30 2E 30 33 32 0D 0A  570.0   0.032..
000132 01:14:08.812  20 35 36 39 2E 30 20 20 20 30 2E 30 33 32 0D 0A  569.0   0.032..
000133 01:14:08.828  20 35 36 38 2E 30 20 20 20 30 2E 30 33 32 0D 0A  568.0   0.032..
000134 01:14:08.859  20 35 36 37 2E 30 20 20 20 30 2E 30 33 32 0D 0A  567.0   0.032..
000135 01:14:08.875  20 35 36 36 2E 30 20 20 20 30 2E 30 33 32 0D 0A  566.0   0.032..
000136 01:14:08.890  20 35 36 35 2E 30 20 20 20 30 2E 30 33 32 0D 0A  565.0   0.032..
000137 01:14:08.906  20 35 36 34 2E 30 20 20 20 30 2E 30 33 32 0D 0A  564.0   0.032..
000138 01:14:08.921  20 35 36 33 2E 30 20 20 20 30 2E 30 33 33 0D 0A  563.0   0.033..
000139 01:14:08.937  20 35 36 32 2E 30 20 20 20 30 2E 30 33 33 0D 0A  562.0   0.033..
000140 01:14:08.953  20 35 36 31 2E 30 20 20 20 30 2E 30 33 33 0D 0A  561.0   0.033..
000141 01:14:08.968  20 35 36 30 2E 30 20 20 20 30 2E 30 33 33 0D 0A  560.0   0.033..
000142 01:14:08.984  20 35 35 39 2E 30 20 20 20 30 2E 30 33 33 0D 0A  559.0   0.033..
000143 01:14:09.000  20 35 35 38 2E 30 20 20 20 30 2E 30 33 33 0D 0A  558.0   0.033..
000144 01:14:09.015  20 35 35 37 2E 30 20 20 20 30 2E 30 33 33 0D 0A  557.0   0.033..
000145 01:14:09.031  20 35 35 36 2E 30 20 20 20 30 2E 30 33 34 0D 0A  556.0   0.034..
000146 01:14:09.046  20 35 35 35 2E 30 20 20 20 30 2E 30 33 34 0D 0A  555.0   0.034..
000147 01:14:09.062  20 35 35 34 2E 30 20 20 20 30 2E 30 33 34 0D 0A  554.0   0.034..
000148 01:14:09.109  20 35 35 33 2E 30 20 20 20 30 2E 30 33 34 0D 0A  553.0   0.034..
000149 01:14:09.109  20 35 35 32 2E 30 20 20 20 30 2E 30 33 35 0D 0A  552.0   0.035..
000150 01:14:09.125  20 35 35 31 2E 30 20 20 20 30 2E 30 33 35 0D 0A  551.0   0.035..
000151 01:14:09.140  20 35 35 30 2E 30 20 20 20 30 2E 30 33 35 0D 0A  550.0   0.035..
000152 01:14:09.156  20 35 34 39 2E 30 20 20 20 30 2E 30 33 36 0D 0A  549.0   0.036..
000153 01:14:09.171  20 35 34 38 2E 30 20 20 20 30 2E 30 33 36 0D 0A  548.0   0.036..
000154 01:14:09.187  20 35 34 37 2E 30 20 20 20 30 2E 30 33 36 0D 0A  547.0   0.036..
000155 01:14:09.218  20 35 34 36 2E 30 20 20 20 30 2E 30 33 36 0D 0A  546.0   0.036..
000156 01:14:09.218  20 35 34 35 2E 30 20 20 20 30 2E 30 33 37 0D 0A  545.0   0.037..
000157 01:14:09.234  20 35 34 34 2E 30 20 20 20 30 2E 30 33 37 0D 0A  544.0   0.037..
000158 01:14:09.250  20 35 34 33 2E 30 20 20 20 30 2E 30 33 38 0D 0A  543.0   0.038..
000159 01:14:09.265  20 35 34 32 2E 30 20 20 20 30 2E 30 33 38 0D 0A  542.0   0.038..
000160 01:14:09.296  20 35 34 31 2E 30 20 20 20 30 2E 30 33 39 0D 0A  541.0   0.039..
000161 01:14:09.296  20 35 34 30 2E 30 20 20 20 30 2E 30 33 39 0D 0A  540.0   0.039..
000162 01:14:09.328  20 35 33 39 2E 30 20 20 20 30 2E 30 34 30 0D 0A  539.0   0.040..
000163 01:14:09.343  20 35 33 38 2E 30 20 20 20 30 2E 30 34 30 0D 0A  538.0   0.040..
000164 01:14:09.359  20 35 33 37 2E 30 20 20 20 30 2E 30 34 31 0D 0A  537.0   0.041..
000165 01:14:09.375  20 35 33 36 2E 30 20 20 20 30 2E 30 33 36 0D 0A  536.0   0.036..
000166 01:14:09.390  20 35 33 35 2E 30 20 20 20 30 2E 30 33 37 0D 0A  535.0   0.037..
000167 01:14:09.406  20 35 33 34 2E 30 20 20 20 30 2E 30 33 37 0D 0A  534.0   0.037..
000168 01:14:09.421  20 35 33 33 2E 30 20 20 20 30 2E 30 33 37 0D 0A  533.0   0.037..
000169 01:14:09.453  20 35 33 32 2E 30 20 20 20 30 2E 30 33 37 0D 0A  532.0   0.037..
000170 01:14:09.468  20 35 33 31 2E 30 20 20 20 30 2E 30 33 37 0D 0A  531.0   0.037..
000171 01:14:09.468  20 35 33 30 2E 30 20 20 20 30 2E 30 33 37 0D 0A  530.0   0.037..
000172 01:14:09.484  20 35 32 39 2E 30 20 20 20 30 2E 30 33 38 0D 0A  529.0   0.038..
000173 01:14:09.515  20 35 32 38 2E 30 20 20 20 30 2E 30 33 38 0D 0A  528.0   0.038..
000174 01:14:09.515  20 35 32 37 2E 30 20 20 20 30 2E 30 33 38 0D 0A  527.0   0.038..
000175 01:14:09.531  20 35 32 36 2E 30 20 20 20 30 2E 30 33 38 0D 0A  526.0   0.038..
000176 01:14:09.562  20 35 32 35 2E 30 20 20 20 30 2E 30 33 39 0D 0A  525.0   0.039..
000177 01:14:09.578  20 35 32 34 2E 30 20 20 20 30 2E 30 33 39 0D 0A  524.0   0.039..
000178 01:14:09.593  20 35 32 33 2E 30 20 20 20 30 2E 30 33 39 0D 0A  523.0   0.039..
000179 01:14:09.609  20 35 32 32 2E 30 20 20 20 30 2E 30 33 39 0D 0A  522.0   0.039..
000180 01:14:09.656  20 35 32 31 2E 30 20 20 20 30 2E 30 33 39 0D 0A  521.0   0.039..
000181 01:14:09.656  20 35 32 30 2E 30 20 20 20 30 2E 30 33 39 0D 0A  520.0   0.039..
000182 01:14:09.656  20 35 31 39 2E 30 20 20 20 30 2E 30 34 30 0D 0A  519.0   0.040..
000183 01:14:09.687  20 35 31 38 2E 30 20 20 20 30 2E 30 34 30 0D 0A  518.0   0.040..
000184 01:14:09.703  20 35 31 37 2E 30 20 20 20 30 2E 30 34 30 0D 0A  517.0   0.040..
000185 01:14:09.718  20 35 31 36 2E 30 20 20 20 30 2E 30 34 31 0D 0A  516.0   0.041..
000186 01:14:09.734  20 35 31 35 2E 30 20 20 20 30 2E 30 34 31 0D 0A  515.0   0.041..
000187 01:14:09.734  20 35 31 34 2E 30 20 20 20 30 2E 30 34 31 0D 0A  514.0   0.041..
000188 01:14:09.750  20 35 31 33 2E 30 20 20 20 30 2E 30 34 31 0D 0A  513.0   0.041..
000189 01:14:09.765  20 35 31 32 2E 30 20 20 20 30 2E 30 34 31 0D 0A  512.0   0.041..
000190 01:14:09.796  20 35 31 31 2E 30 20 20 20 30 2E 30 34 32 0D 0A  511.0   0.042..
000191 01:14:09.812  20 35 31 30 2E 30 20 20 20 30 2E 30 34 32 0D 0A  510.0   0.042..
000192 01:14:09.828  20 35 30 39 2E 30 20 20 20 30 2E 30 34 32 0D 0A  509.0   0.042..
000193 01:14:09.843  20 35 30 38 2E 30 20 20 20 30 2E 30 34 32 0D 0A  508.0   0.042..
000194 01:14:09.859  20 35 30 37 2E 30 20 20 20 30 2E 30 34 32 0D 0A  507.0   0.042..
000195 01:14:09.875  20 35 30 36 2E 30 20 20 20 30 2E 30 34 33 0D 0A  506.0   0.043..
000196 01:14:09.890  20 35 30 35 2E 30 20 20 20 30 2E 30 34 33 0D 0A  505.0   0.043..
000197 01:14:09.921  20 35 30 34 2E 30 20 20 20 30 2E 30 34 33 0D 0A  504.0   0.043..
000198 01:14:09.937  20 35 30 33 2E 30 20 20 20 30 2E 30 34 33 0D 0A  503.0   0.043..
000199 01:14:09.953  20 35 30 32 2E 30 20 20 20 30 2E 30 34 33 0D 0A  502.0   0.043..
000200 01:14:09.968  20 35 30 31 2E 30 20 20 20 30 2E 30 34 34 0D 0A  501.0   0.044..
000201 01:14:09.984  20 35 30 30 2E 30 20 20 20 30 2E 30 34 34 0D 0A  500.0   0.044..
000202 01:14:10.000  20 34 39 39 2E 30 20 20 20 30 2E 30 34 34 0D 0A  499.0   0.044..
000203 01:14:10.000  20 34 39 38 2E 30 20 20 20 30 2E 30 34 35 0D 0A  498.0   0.045..
000204 01:14:10.031  20 34 39 37 2E 30 20 20 20 30 2E 30 34 35 0D 0A  497.0   0.045..
000205 01:14:10.046  20 34 39 36 2E 30 20 20 20 30 2E 30 34 35 0D 0A  496.0   0.045..
000206 01:14:10.062  20 34 39 35 2E 30 20 20 20 30 2E 30 34 34 0D 0A  495.0   0.044..
000207 01:14:10.078  20 34 39 34 2E 30 20 20 20 30 2E 30 34 35 0D 0A  494.0   0.045..
000208 01:14:10.093  20 34 39 33 2E 30 20 20 20 30 2E 30 34 35 0D 0A  493.0   0.045..
000209 01:14:10.109  20 34 39 32 2E 30 20 20 20 30 2E 30 34 36 0D 0A  492.0   0.046..
000210 01:14:10.125  20 34 39 31 2E 30 20 20 20 30 2E 30 34 35 0D 0A  491.0   0.045..
000211 01:14:10.156  20 34 39 30 2E 30 20 20 20 30 2E 30 34 36 0D 0A  490.0   0.046..
000212 01:14:10.187  20 34 38 39 2E 30 20 20 20 30 2E 30 34 36 0D 0A  489.0   0.046..
000213 01:14:10.187  20 34 38 38 2E 30 20 20 20 30 2E 30 34 36 0D 0A  488.0   0.046..
000214 01:14:10.203  20 34 38 37 2E 30 20 20 20 30 2E 30 34 36 0D 0A  487.0   0.046..
000215 01:14:10.218  20 34 38 36 2E 30 20 20 20 30 2E 30 34 36 0D 0A  486.0   0.046..
000216 01:14:10.234  20 34 38 35 2E 30 20 20 20 30 2E 30 34 37 0D 0A  485.0   0.047..
000217 01:14:10.250  20 34 38 34 2E 30 20 20 20 30 2E 30 34 37 0D 0A  484.0   0.047..
000218 01:14:10.265  20 34 38 33 2E 30 20 20 20 30 2E 30 34 37 0D 0A  483.0   0.047..
000219 01:14:10.281  20 34 38 32 2E 30 20 20 20 30 2E 30 34 37 0D 0A  482.0   0.047..
000220 01:14:10.296  20 34 38 31 2E 30 20 20 20 30 2E 30 34 37 0D 0A  481.0   0.047..
000221 01:14:10.312  20 34 38 30 2E 30 20 20 20 30 2E 30 34 37 0D 0A  480.0   0.047..
000222 01:14:10.328  20 34 37 39 2E 30 20 20 20 30 2E 30 34 38 0D 0A  479.0   0.048..
000223 01:14:10.343  20 34 37 38 2E 30 20 20 20 30 2E 30 34 38 0D 0A  478.0   0.048..
000224 01:14:10.359  20 34 37 37 2E 30 20 20 20 30 2E 30 34 38 0D 0A  477.0   0.048..
000225 01:14:10.390  20 34 37 36 2E 30 20 20 20 30 2E 30 34 38 0D 0A  476.0   0.048..
000226 01:14:10.406  20 34 37 35 2E 30 20 20 20 30 2E 30 34 39 0D 0A  475.0   0.049..
000227 01:14:10.421  20 34 37 34 2E 30 20 20 20 30 2E 30 34 39 0D 0A  474.0   0.049..
000228 01:14:10.437  20 34 37 33 2E 30 20 20 20 30 2E 30 34 39 0D 0A  473.0   0.049..
000229 01:14:10.453  20 34 37 32 2E 30 20 20 20 30 2E 30 34 39 0D 0A  472.0   0.049..
000230 01:14:10.468  20 34 37 31 2E 30 20 20 20 30 2E 30 34 39 0D 0A  471.0   0.049..
000231 01:14:10.484  20 34 37 30 2E 30 20 20 20 30 2E 30 35 30 0D 0A  470.0   0.050..
000232 01:14:10.515  20 34 36 39 2E 30 20 20 20 30 2E 30 35 30 0D 0A  469.0   0.050..
000233 01:14:10.515  20 34 36 38 2E 30 20 20 20 30 2E 30 35 31 0D 0A  468.0   0.051..
000234 01:14:10.531  20 34 36 37 2E 30 20 20 20 30 2E 30 35 31 0D 0A  467.0   0.051..
000235 01:14:10.546  20 34 36 36 2E 30 20 20 20 30 2E 30 35 31 0D 0A  466.0   0.051..
000236 01:14:10.562  20 34 36 35 2E 30 20 20 20 30 2E 30 35 31 0D 0A  465.0   0.051..
000237 01:14:10.578  20 34 36 34 2E 30 20 20 20 30 2E 30 35 31 0D 0A  464.0   0.051..
000238 01:14:10.593  20 34 36 33 2E 30 20 20 20 30 2E 30 35 31 0D 0A  463.0   0.051..
000239 01:14:10.625  20 34 36 32 2E 30 20 20 20 30 2E 30 35 31 0D 0A  462.0   0.051..
000240 01:14:10.640  20 34 36 31 2E 30 20 20 20 30 2E 30 35 32 0D 0A  461.0   0.052..
000241 01:14:10.656  20 34 36 30 2E 30 20 20 20 30 2E 30 35 32 0D 0A  460.0   0.052..
000242 01:14:10.671  20 34 35 39 2E 30 20 20 20 30 2E 30 35 32 0D 0A  459.0   0.052..
000243 01:14:10.687  20 34 35 38 2E 30 20 20 20 30 2E 30 35 33 0D 0A  458.0   0.053..
000244 01:14:10.703  20 34 35 37 2E 30 20 20 20 30 2E 30 35 33 0D 0A  457.0   0.053..
000245 01:14:10.718  20 34 35 36 2E 30 20 20 20 30 2E 30 35 34 0D 0A  456.0   0.054..
000246 01:14:10.750  20 34 35 35 2E 30 20 20 20 30 2E 30 35 34 0D 0A  455.0   0.054..
000247 01:14:10.765  20 34 35 34 2E 30 20 20 20 30 2E 30 35 35 0D 0A  454.0   0.055..
000248 01:14:10.781  20 34 35 33 2E 30 20 20 20 30 2E 30 35 35 0D 0A  453.0   0.055..
000249 01:14:10.781  20 34 35 32 2E 30 20 20 20 30 2E 30 35 36 0D 0A  452.0   0.056..
000250 01:14:10.796  20 34 35 31 2E 30 20 20 20 30 2E 30 35 37 0D 0A  451.0   0.057..
000251 01:14:10.812  20 34 35 30 2E 30 20 20 20 30 2E 30 35 37 0D 0A  450.0   0.057..
000252 01:14:10.843  20 34 34 39 2E 30 20 20 20 30 2E 30 35 38 0D 0A  449.0   0.058..
000253 01:14:10.859  20 34 34 38 2E 30 20 20 20 30 2E 30 35 39 0D 0A  448.0   0.059..
000254 01:14:10.875  20 34 34 37 2E 30 20 20 20 30 2E 30 35 39 0D 0A  447.0   0.059..
000255 01:14:10.890  20 34 34 36 2E 30 20 20 20 30 2E 30 36 30 0D 0A  446.0   0.060..
000256 01:14:10.906  20 34 34 35 2E 30 20 20 20 30 2E 30 36 31 0D 0A  445.0   0.061..
000257 01:14:10.921  20 34 34 34 2E 30 20 20 20 30 2E 30 36 31 0D 0A  444.0   0.061..
000258 01:14:10.937  20 34 34 33 2E 30 20 20 20 30 2E 30 36 32 0D 0A  443.0   0.062..
000259 01:14:10.953  20 34 34 32 2E 30 20 20 20 30 2E 30 36 32 0D 0A  442.0   0.062..
000260 01:14:10.984  20 34 34 31 2E 30 20 20 20 30 2E 30 36 33 0D 0A  441.0   0.063..
000261 01:14:11.000  20 34 34 30 2E 30 20 20 20 30 2E 30 36 34 0D 0A  440.0   0.064..
000262 01:14:11.015  20 34 33 39 2E 30 20 20 20 30 2E 30 36 34 0D 0A  439.0   0.064..
000263 01:14:11.031  20 34 33 38 2E 30 20 20 20 30 2E 30 36 35 0D 0A  438.0   0.065..
000264 01:14:11.046  20 34 33 37 2E 30 20 20 20 30 2E 30 36 36 0D 0A  437.0   0.066..
000265 01:14:11.046  20 34 33 36 2E 30 20 20 20 30 2E 30 36 37 0D 0A  436.0   0.067..
000266 01:14:11.062  20 34 33 35 2E 30 20 20 20 30 2E 30 36 38 0D 0A  435.0   0.068..
000267 01:14:11.093  20 34 33 34 2E 30 20 20 20 30 2E 30 36 39 0D 0A  434.0   0.069..
000268 01:14:11.109  20 34 33 33 2E 30 20 20 20 30 2E 30 37 30 0D 0A  433.0   0.070..
000269 01:14:11.125  20 34 33 32 2E 30 20 20 20 30 2E 30 37 32 0D 0A  432.0   0.072..
000270 01:14:11.140  20 34 33 31 2E 30 20 20 20 30 2E 30 37 33 0D 0A  431.0   0.073..
000271 01:14:11.156  20 34 33 30 2E 30 20 20 20 30 2E 30 37 34 0D 0A  430.0   0.074..
000272 01:14:11.171  20 34 32 39 2E 30 20 20 20 30 2E 30 37 36 0D 0A  429.0   0.076..
000273 01:14:11.187  20 34 32 38 2E 30 20 20 20 30 2E 30 37 38 0D 0A  428.0   0.078..
000274 01:14:11.218  20 34 32 37 2E 30 20 20 20 30 2E 30 38 30 0D 0A  427.0   0.080..
000275 01:14:11.234  20 34 32 36 2E 30 20 20 20 30 2E 30 38 33 0D 0A  426.0   0.083..
000276 01:14:11.250  20 34 32 35 2E 30 20 20 20 30 2E 30 38 35 0D 0A  425.0   0.085..
000277 01:14:11.265  20 34 32 34 2E 30 20 20 20 30 2E 30 38 38 0D 0A  424.0   0.088..
000278 01:14:11.281  20 34 32 33 2E 30 20 20 20 30 2E 30 39 31 0D 0A  423.0   0.091..
000279 01:14:11.296  20 34 32 32 2E 30 20 20 20 30 2E 30 39 34 0D 0A  422.0   0.094..
000280 01:14:11.312  20 34 32 31 2E 30 20 20 20 30 2E 30 39 37 0D 0A  421.0   0.097..
000281 01:14:11.328  20 34 32 30 2E 30 20 20 20 30 2E 31 30 31 0D 0A  420.0   0.101..
000282 01:14:11.343  20 34 31 39 2E 30 20 20 20 30 2E 31 30 35 0D 0A  419.0   0.105..
000283 01:14:11.375  20 34 31 38 2E 30 20 20 20 30 2E 31 31 30 0D 0A  418.0   0.110..
000284 01:14:11.375  20 34 31 37 2E 30 20 20 20 30 2E 31 31 35 0D 0A  417.0   0.115..
000285 01:14:11.390  20 34 31 36 2E 30 20 20 20 30 2E 31 31 39 0D 0A  416.0   0.119..
000286 01:14:11.406  20 34 31 35 2E 30 20 20 20 30 2E 31 32 33 0D 0A  415.0   0.123..
000287 01:14:11.421  20 34 31 34 2E 30 20 20 20 30 2E 31 33 30 0D 0A  414.0   0.130..
000288 01:14:11.453  20 34 31 33 2E 30 20 20 20 30 2E 31 33 36 0D 0A  413.0   0.136..
000289 01:14:11.468  20 34 31 32 2E 30 20 20 20 30 2E 31 34 33 0D 0A  412.0   0.143..
000290 01:14:11.484  20 34 31 31 2E 30 20 20 20 30 2E 31 35 30 0D 0A  411.0   0.150..
000291 01:14:11.500  20 34 31 30 2E 30 20 20 20 30 2E 31 35 36 0D 0A  410.0   0.156..
000292 01:14:11.515  20 34 30 39 2E 30 20 20 20 30 2E 31 36 33 0D 0A  409.0   0.163..
000293 01:14:11.531  20 34 30 38 2E 30 20 20 20 30 2E 31 36 38 0D 0A  408.0   0.168..
000294 01:14:11.546  20 34 30 37 2E 30 20 20 20 30 2E 31 37 33 0D 0A  407.0   0.173..
000295 01:14:11.578  20 34 30 36 2E 30 20 20 20 30 2E 31 37 36 0D 0A  406.0   0.176..
000296 01:14:11.578  20 34 30 35 2E 30 20 20 20 30 2E 31 37 38 0D 0A  405.0   0.178..
000297 01:14:11.593  20 34 30 34 2E 30 20 20 20 30 2E 31 37 39 0D 0A  404.0   0.179..
000298 01:14:11.609  20 34 30 33 2E 30 20 20 20 30 2E 31 37 39 0D 0A  403.0   0.179..
000299 01:14:11.625  20 34 30 32 2E 30 20 20 20 30 2E 31 37 38 0D 0A  402.0   0.178..
000300 01:14:11.640  20 34 30 31 2E 30 20 20 20 30 2E 31 37 36 0D 0A  401.0   0.176..
000301 01:14:11.656  20 34 30 30 2E 30 20 20 20 30 2E 31 37 33 0D 0A  400.0   0.173..
000302 01:14:11.687  20 33 39 39 2E 30 20 20 20 30 2E 31 37 31 0D 0A  399.0   0.171..
000303 01:14:11.703  20 33 39 38 2E 30 20 20 20 30 2E 31 36 37 0D 0A  398.0   0.167..
000304 01:14:11.718  20 33 39 37 2E 30 20 20 20 30 2E 31 36 34 0D 0A  397.0   0.164..
000305 01:14:11.734  20 33 39 36 2E 30 20 20 20 30 2E 31 36 30 0D 0A  396.0   0.160..
000306 01:14:11.750  20 33 39 35 2E 30 20 20 20 30 2E 31 35 37 0D 0A  395.0   0.157..
000307 01:14:11.765  20 33 39 34 2E 30 20 20 20 30 2E 31 35 34 0D 0A  394.0   0.154..
000308 01:14:11.781  20 33 39 33 2E 30 20 20 20 30 2E 31 35 31 0D 0A  393.0   0.151..
000309 01:14:11.812  20 33 39 32 2E 30 20 20 20 30 2E 31 34 38 0D 0A  392.0   0.148..
000310 01:14:11.828  20 33 39 31 2E 30 20 20 20 30 2E 31 34 36 0D 0A  391.0   0.146..
000311 01:14:11.828  20 33 39 30 2E 30 20 20 20 30 2E 31 34 34 0D 0A  390.0   0.144..
000312 01:14:11.843  20 33 38 39 2E 30 20 20 20 30 2E 31 34 32 0D 0A  389.0   0.142..
000313 01:14:11.859  20 33 38 38 2E 30 20 20 20 30 2E 31 34 30 0D 0A  388.0   0.140..
000314 01:14:11.875  20 33 38 37 2E 30 20 20 20 30 2E 31 33 39 0D 0A  387.0   0.139..
000315 01:14:11.890  20 33 38 36 2E 30 20 20 20 30 2E 31 33 38 0D 0A  386.0   0.138..
000316 01:14:11.921  20 33 38 35 2E 30 20 20 20 30 2E 31 33 36 0D 0A  385.0   0.136..
000317 01:14:11.937  20 33 38 34 2E 30 20 20 20 30 2E 31 33 36 0D 0A  384.0   0.136..
000318 01:14:11.953  20 33 38 33 2E 30 20 20 20 30 2E 31 33 34 0D 0A  383.0   0.134..
000319 01:14:11.968  20 33 38 32 2E 30 20 20 20 30 2E 31 33 34 0D 0A  382.0   0.134..
000320 01:14:11.984  20 33 38 31 2E 30 20 20 20 30 2E 31 33 33 0D 0A  381.0   0.133..
000321 01:14:12.000  20 33 38 30 2E 30 20 20 20 30 2E 31 33 32 0D 0A  380.0   0.132..
000322 01:14:12.015  20 33 37 39 2E 30 20 20 20 30 2E 31 33 31 0D 0A  379.0   0.131..
000323 01:14:12.046  20 33 37 38 2E 30 20 20 20 30 2E 31 33 31 0D 0A  378.0   0.131..
000324 01:14:12.062  20 33 37 37 2E 30 20 20 20 30 2E 31 33 30 0D 0A  377.0   0.130..
000325 01:14:12.078  20 33 37 36 2E 30 20 20 20 30 2E 31 32 39 0D 0A  376.0   0.129..
000326 01:14:12.093  20 33 37 35 2E 30 20 20 20 30 2E 31 32 39 0D 0A  375.0   0.129..
000327 01:14:12.093  20 33 37 34 2E 30 20 20 20 30 2E 31 32 39 0D 0A  374.0   0.129..
000328 01:14:12.109  20 33 37 33 2E 30 20 20 20 30 2E 31 32 38 0D 0A  373.0   0.128..
000329 01:14:12.125  20 33 37 32 2E 30 20 20 20 30 2E 31 32 38 0D 0A  372.0   0.128..
000330 01:14:12.156  20 33 37 31 2E 30 20 20 20 30 2E 31 32 38 0D 0A  371.0   0.128..
000331 01:14:12.171  20 33 37 30 2E 30 20 20 20 30 2E 31 32 38 0D 0A  370.0   0.128..
000332 01:14:12.187  20 33 36 39 2E 30 20 20 20 30 2E 31 32 38 0D 0A  369.0   0.128..
000333 01:14:12.203  20 33 36 38 2E 30 20 20 20 30 2E 31 32 38 0D 0A  368.0   0.128..
000334 01:14:12.218  20 33 36 37 2E 30 20 20 20 30 2E 31 32 39 0D 0A  367.0   0.129..
000335 01:14:12.234  20 33 36 36 2E 30 20 20 20 30 2E 31 33 30 0D 0A  366.0   0.130..
000336 01:14:12.250  20 33 36 35 2E 30 20 20 20 30 2E 31 32 39 0D 0A  365.0   0.129..
000337 01:14:12.281  20 33 36 34 2E 30 20 20 20 30 2E 31 33 30 0D 0A  364.0   0.130..
000338 01:14:12.296  20 33 36 33 2E 30 20 20 20 30 2E 31 33 30 0D 0A  363.0   0.130..
000339 01:14:12.312  20 33 36 32 2E 30 20 20 20 30 2E 31 33 30 0D 0A  362.0   0.130..
000340 01:14:12.328  20 33 36 31 2E 30 20 20 20 30 2E 31 33 31 0D 0A  361.0   0.131..
000341 01:14:12.343  20 33 36 30 2E 30 20 20 20 30 2E 31 33 32 0D 0A  360.0   0.132..
000342 01:14:12.359  20 33 35 39 2E 30 20 20 20 30 2E 31 33 32 0D 0A  359.0   0.132..
000343 01:14:12.359  20 33 35 38 2E 30 20 20 20 30 2E 31 33 33 0D 0A  358.0   0.133..
000344 01:14:12.390  20 33 35 37 2E 30 20 20 20 30 2E 31 33 33 0D 0A  357.0   0.133..
000345 01:14:12.406  20 33 35 36 2E 30 20 20 20 30 2E 31 33 34 0D 0A  356.0   0.134..
000346 01:14:12.421  20 33 35 35 2E 30 20 20 20 30 2E 31 33 35 0D 0A  355.0   0.135..
000347 01:14:12.437  20 33 35 34 2E 30 20 20 20 30 2E 31 33 35 0D 0A  354.0   0.135..
000348 01:14:12.453  20 33 35 33 2E 30 20 20 20 30 2E 31 33 36 0D 0A  353.0   0.136..
000349 01:14:12.468  20 33 35 32 2E 30 20 20 20 30 2E 31 33 36 0D 0A  352.0   0.136..
000350 01:14:12.484  20 33 35 31 2E 30 20 20 20 30 2E 31 33 37 0D 0A  351.0   0.137..
000351 01:14:12.515  20 33 35 30 2E 30 20 20 20 30 2E 31 33 38 0D 0A  350.0   0.138..
000352 01:14:12.531  20 33 34 39 2E 30 20 20 20 30 2E 31 33 39 0D 0A  349.0   0.139..
000353 01:14:12.546  20 33 34 38 2E 30 20 20 20 30 2E 31 33 39 0D 0A  348.0   0.139..
000354 01:14:12.562  20 33 34 37 2E 30 20 20 20 30 2E 31 34 31 0D 0A  347.0   0.141..
000355 01:14:12.578  20 33 34 36 2E 30 20 20 20 30 2E 31 34 32 0D 0A  346.0   0.142..
000356 01:14:12.593  20 33 34 35 2E 30 20 20 20 30 2E 31 34 33 0D 0A  345.0   0.143..
000357 01:14:12.609  20 33 34 34 2E 30 20 20 20 30 2E 31 34 33 0D 0A  344.0   0.143..
000358 01:14:12.625  20 33 34 33 2E 30 20 20 20 30 2E 31 34 34 0D 0A  343.0   0.144..
000359 01:14:12.640  20 33 34 32 2E 30 20 20 20 30 2E 31 34 36 0D 0A  342.0   0.146..
000360 01:14:12.656  20 33 34 31 2E 30 20 20 20 30 2E 31 34 36 0D 0A  341.0   0.146..
000361 01:14:12.718  20 33 34 30 2E 30 20 20 20 30 2E 31 35 33 0D 0A  340.0   0.153..
000362 01:14:12.718  20 33 33 39 2E 30 20 20 20 30 2E 31 35 34 0D 0A  339.0   0.154..
000363 01:14:12.718  20 33 33 38 2E 30 20 20 20 30 2E 31 35 36 0D 0A  338.0   0.156..
000364 01:14:12.718  20 33 33 37 2E 30 20 20 20 30 2E 31 35 36 0D 0A  337.0   0.156..
000365 01:14:12.750  20 33 33 36 2E 30 20 20 20 30 2E 31 35 37 0D 0A  336.0   0.157..
000366 01:14:12.765  20 33 33 35 2E 30 20 20 20 30 2E 31 35 39 0D 0A  335.0   0.159..
000367 01:14:12.781  20 33 33 34 2E 30 20 20 20 30 2E 31 36 30 0D 0A  334.0   0.160..
000368 01:14:12.796  20 33 33 33 2E 30 20 20 20 30 2E 31 36 31 0D 0A  333.0   0.161..
000369 01:14:12.812  20 33 33 32 2E 30 20 20 20 30 2E 31 36 32 0D 0A  332.0   0.162..
000370 01:14:12.828  20 33 33 31 2E 30 20 20 20 30 2E 31 36 33 0D 0A  331.0   0.163..
000371 01:14:12.843  20 33 33 30 2E 30 20 20 20 30 2E 31 36 35 0D 0A  330.0   0.165..
000372 01:14:12.875  20 33 32 39 2E 30 20 20 20 30 2E 31 36 37 0D 0A  329.0   0.167..
000373 01:14:12.890  20 33 32 38 2E 30 20 20 20 30 2E 31 36 38 0D 0A  328.0   0.168..
000374 01:14:12.906  20 33 32 37 2E 30 20 20 20 30 2E 31 36 39 0D 0A  327.0   0.169..
000375 01:14:12.906  20 33 32 36 2E 30 20 20 20 30 2E 31 37 32 0D 0A  326.0   0.172..
000376 01:14:12.921  20 33 32 35 2E 30 20 20 20 30 2E 31 37 32 0D 0A  325.0   0.172..
000377 01:14:12.937  20 33 32 34 2E 30 20 20 20 30 2E 31 37 33 0D 0A  324.0   0.173..
000378 01:14:12.953  20 33 32 33 2E 30 20 20 20 30 2E 31 37 35 0D 0A  323.0   0.175..
000379 01:14:12.984  20 33 32 32 2E 30 20 20 20 30 2E 31 37 37 0D 0A  322.0   0.177..
000380 01:14:13.015  20 33 32 31 2E 30 20 20 20 30 2E 31 38 30 0D 0A  321.0   0.180..
000381 01:14:13.015  20 33 32 30 2E 30 20 20 20 30 2E 31 38 31 0D 0A  320.0   0.181..
000382 01:14:13.031  20 33 31 39 2E 30 20 20 20 30 2E 31 38 33 0D 0A  319.0   0.183..
000383 01:14:13.046  20 33 31 38 2E 30 20 20 20 30 2E 31 38 35 0D 0A  318.0   0.185..
000384 01:14:13.062  20 33 31 37 2E 30 20 20 20 30 2E 31 38 37 0D 0A  317.0   0.187..
000385 01:14:13.078  20 33 31 36 2E 30 20 20 20 30 2E 31 39 30 0D 0A  316.0   0.190..
000386 01:14:13.109  20 33 31 35 2E 30 20 20 20 30 2E 31 39 32 0D 0A  315.0   0.192..
000387 01:14:13.125  20 33 31 34 2E 30 20 20 20 30 2E 31 39 36 0D 0A  314.0   0.196..
000388 01:14:13.140  20 33 31 33 2E 30 20 20 20 30 2E 32 30 30 0D 0A  313.0   0.200..
000389 01:14:13.140  20 33 31 32 2E 30 20 20 20 30 2E 32 30 34 0D 0A  312.0   0.204..
000390 01:14:13.156  20 33 31 31 2E 30 20 20 20 30 2E 32 30 39 0D 0A  311.0   0.209..
000391 01:14:13.171  20 33 31 30 2E 30 20 20 20 30 2E 32 31 35 0D 0A  310.0   0.215..
000392 01:14:13.187  20 33 30 39 2E 30 20 20 20 30 2E 32 32 32 0D 0A  309.0   0.222..
000393 01:14:13.234  20 33 30 38 2E 30 20 20 20 30 2E 32 33 32 0D 0A  308.0   0.232..
000394 01:14:13.234  20 33 30 37 2E 30 20 20 20 30 2E 32 34 35 0D 0A  307.0   0.245..
000395 01:14:13.250  20 33 30 36 2E 30 20 20 20 30 2E 32 37 30 0D 0A  306.0   0.270..
000396 01:14:13.265  20 33 30 35 2E 30 20 20 20 30 2E 32 38 33 0D 0A  305.0   0.283..
000397 01:14:13.281  20 33 30 34 2E 30 20 20 20 30 2E 33 30 36 0D 0A  304.0   0.306..
000398 01:14:13.296  20 33 30 33 2E 30 20 20 20 30 2E 33 33 35 0D 0A  303.0   0.335..
000399 01:14:13.312  20 33 30 32 2E 30 20 20 20 30 2E 33 37 31 0D 0A  302.0   0.371..
000400 01:14:13.343  20 33 30 31 2E 30 20 20 20 30 2E 34 31 32 0D 0A  301.0   0.412..
000401 01:14:13.375  20 33 30 30 2E 30 20 20 20 30 2E 34 36 30 0D 0A  300.0   0.460..
000402 01:14:13.375  20 32 39 39 2E 30 20 20 20 30 2E 35 31 38 0D 0A  299.0   0.518..
000403 01:14:13.390  20 32 39 38 2E 30 20 20 20 30 2E 35 38 36 0D 0A  298.0   0.586..
000404 01:14:13.406  20 32 39 37 2E 30 20 20 20 30 2E 36 36 30 0D 0A  297.0   0.660..
000405 01:14:13.406  20 32 39 36 2E 30 20 20 20 30 2E 37 34 37 0D 0A  296.0   0.747..
000406 01:14:13.421  20 32 39 35 2E 30 20 20 20 30 2E 38 35 35 0D 0A  295.0   0.855..
000407 01:14:13.453  20 32 39 34 2E 30 20 20 20 30 2E 39 38 32 0D 0A  294.0   0.982..
000408 01:14:13.468  20 32 39 33 2E 30 20 20 20 31 2E 31 31 32 0D 0A  293.0   1.112..
000409 01:14:13.484  20 32 39 32 2E 30 20 20 20 31 2E 32 35 34 0D 0A  292.0   1.254..
000410 01:14:13.500  20 32 39 31 2E 30 20 20 20 31 2E 34 30 36 0D 0A  291.0   1.406..
000411 01:14:13.515  20 32 39 30 2E 30 20 20 20 31 2E 35 35 34 0D 0A  290.0   1.554..
000412 01:14:13.531  20 32 38 39 2E 30 20 20 20 31 2E 36 39 33 0D 0A  289.0   1.693..
000413 01:14:13.546  20 32 38 38 2E 30 20 20 20 31 2E 38 32 35 0D 0A  288.0   1.825..
000414 01:14:13.578  20 32 38 37 2E 30 20 20 20 31 2E 39 36 39 0D 0A  287.0   1.969..
000415 01:14:13.593  20 32 38 36 2E 30 20 20 20 32 2E 31 31 31 0D 0A  286.0   2.111..
000416 01:14:13.609  20 32 38 35 2E 30 20 20 20 32 2E 32 34 35 0D 0A  285.0   2.245..
000417 01:14:13.625  20 32 38 34 2E 30 20 20 20 32 2E 33 36 39 0D 0A  284.0   2.369..
000418 01:14:13.640  20 32 38 33 2E 30 20 20 20 32 2E 34 39 37 0D 0A  283.0   2.497..
000419 01:14:13.656  20 32 38 32 2E 30 20 20 20 32 2E 35 36 38 0D 0A  282.0   2.568..
000420 01:14:13.671  20 32 38 31 2E 30 20 20 20 32 2E 36 32 33 0D 0A  281.0   2.623..
000421 01:14:13.687  20 32 38 30 2E 30 20 20 20 32 2E 36 35 36 0D 0A  280.0   2.656..
000422 01:14:13.703  20 32 37 39 2E 30 20 20 20 32 2E 36 39 30 0D 0A  279.0   2.690..
000423 01:14:13.718  20 32 37 38 2E 30 20 20 20 32 2E 36 39 34 0D 0A  278.0   2.694..
000424 01:14:13.734  20 32 37 37 2E 30 20 20 20 32 2E 36 39 39 0D 0A  277.0   2.699..
000425 01:14:13.750  20 32 37 36 2E 30 20 20 20 32 2E 37 30 34 0D 0A  276.0   2.704..
000426 01:14:13.765  20 32 37 35 2E 30 20 20 20 32 2E 36 35 33 0D 0A  275.0   2.653..
000427 01:14:13.781  20 32 37 34 2E 30 20 20 20 32 2E 36 33 33 0D 0A  274.0   2.633..
000428 01:14:13.812  20 32 37 33 2E 30 20 20 20 32 2E 35 39 32 0D 0A  273.0   2.592..
000429 01:14:13.828  20 32 37 32 2E 30 20 20 20 32 2E 35 35 37 0D 0A  272.0   2.557..
000430 01:14:13.843  20 32 37 31 2E 30 20 20 20 32 2E 34 39 30 0D 0A  271.0   2.490..
000431 01:14:13.859  20 32 37 30 2E 30 20 20 20 32 2E 34 33 35 0D 0A  270.0   2.435..
000432 01:14:13.875  20 32 36 39 2E 30 20 20 20 32 2E 33 38 39 0D 0A  269.0   2.389..
000433 01:14:13.890  20 32 36 38 2E 30 20 20 20 32 2E 33 31 37 0D 0A  268.0   2.317..
000434 01:14:13.921  20 32 36 37 2E 30 20 20 20 32 2E 32 34 31 0D 0A  267.0   2.241..
000435 01:14:13.937  20 32 36 36 2E 30 20 20 20 32 2E 31 37 32 0D 0A  266.0   2.172..
000436 01:14:13.937  20 32 36 35 2E 30 20 20 20 32 2E 30 39 32 0D 0A  265.0   2.092..
000437 01:14:13.953  20 32 36 34 2E 30 20 20 20 32 2E 30 32 34 0D 0A  264.0   2.024..
000438 01:14:13.968  20 32 36 33 2E 30 20 20 20 31 2E 39 34 34 0D 0A  263.0   1.944..
000439 01:14:13.984  20 32 36 32 2E 30 20 20 20 31 2E 38 38 32 0D 0A  262.0   1.882..
000440 01:14:14.000  20 32 36 31 2E 30 20 20 20 31 2E 38 32 36 0D 0A  261.0   1.826..
000441 01:14:14.015  20 32 36 30 2E 30 20 20 20 31 2E 37 36 34 0D 0A  260.0   1.764..
000442 01:14:14.046  20 32 35 39 2E 30 20 20 20 31 2E 37 30 37 0D 0A  259.0   1.707..
000443 01:14:14.062  20 32 35 38 2E 30 20 20 20 31 2E 36 36 30 0D 0A  258.0   1.660..
000444 01:14:14.078  20 32 35 37 2E 30 20 20 20 31 2E 36 30 39 0D 0A  257.0   1.609..
000445 01:14:14.093  20 32 35 36 2E 30 20 20 20 31 2E 35 36 37 0D 0A  256.0   1.567..
000446 01:14:14.109  20 32 35 35 2E 30 20 20 20 31 2E 35 33 36 0D 0A  255.0   1.536..
000447 01:14:14.125  20 32 35 34 2E 30 20 20 20 31 2E 35 31 33 0D 0A  254.0   1.513..
000448 01:14:14.140  20 32 35 33 2E 30 20 20 20 31 2E 35 30 31 0D 0A  253.0   1.501..
000449 01:14:14.171  20 32 35 32 2E 30 20 20 20 31 2E 35 30 32 0D 0A  252.0   1.502..
000450 01:14:14.187  20 32 35 31 2E 30 20 20 20 31 2E 35 30 35 0D 0A  251.0   1.505..
000451 01:14:14.187  20 32 35 30 2E 30 20 20 20 31 2E 35 32 39 0D 0A  250.0   1.529..
000452 01:14:14.203  20 32 34 39 2E 30 20 20 20 31 2E 35 36 31 0D 0A  249.0   1.561..
000453 01:14:14.218  20 32 34 38 2E 30 20 20 20 31 2E 36 31 30 0D 0A  248.0   1.610..
000454 01:14:14.234  20 32 34 37 2E 30 20 20 20 31 2E 36 37 39 0D 0A  247.0   1.679..
000455 01:14:14.250  20 32 34 36 2E 30 20 20 20 31 2E 37 37 38 0D 0A  246.0   1.778..
000456 01:14:14.281  20 32 34 35 2E 30 20 20 20 31 2E 38 38 33 0D 0A  245.0   1.883..
000457 01:14:14.296  20 32 34 34 2E 30 20 20 20 32 2E 30 32 35 0D 0A  244.0   2.025..
000458 01:14:14.312  20 32 34 33 2E 30 20 20 20 32 2E 32 30 39 0D 0A  243.0   2.209..
000459 01:14:14.343  20 32 34 32 2E 30 20 20 20 32 2E 34 32 31 0D 0A  242.0   2.421..
000460 01:14:14.343  20 32 34 31 2E 30 20 20 20 32 2E 37 30 31 0D 0A  241.0   2.701..
000461 01:14:14.359  20 32 34 30 2E 30 20 20 20 32 2E 39 31 30 0D 0A  240.0   2.910..
000462 01:14:14.375  20 32 33 39 2E 30 20 20 20 33 2E 33 31 33 0D 0A  239.0   3.313..
000463 01:14:14.406  20 32 33 38 2E 30 20 20 20 33 2E 36 31 37 0D 0A  238.0   3.617..
000464 01:14:14.421  20 32 33 37 2E 30 20 20 20 33 2E 36 31 38 0D 0A  237.0   3.618..
000465 01:14:14.437  20 32 33 36 2E 30 20 20 20 34 2E 30 30 30 0D 0A  236.0   4.000..
000466 01:14:14.453  20 32 33 35 2E 30 20 20 20 33 2E 36 31 35 0D 0A  235.0   3.615..
000467 01:14:14.453  20 32 33 34 2E 30 20 20 20 33 2E 36 31 31 0D 0A  234.0   3.611..
000468 01:14:14.468  20 32 33 33 2E 30 20 20 20 33 2E 36 30 36 0D 0A  233.0   3.606..
000469 01:14:14.484  20 32 33 32 2E 30 20 20 20 33 2E 35 39 39 0D 0A  232.0   3.599..
000470 01:14:14.515  20 32 33 31 2E 30 20 20 20 34 2E 30 30 30 0D 0A  231.0   4.000..
000471 01:14:14.531  20 32 33 30 2E 30 20 20 20 34 2E 30 30 30 0D 0A  230.0   4.000..
000472 01:14:14.562  20 32 32 39 2E 30 20 20 20 33 2E 35 37 34 0D 0A  229.0   3.574..
000473 01:14:14.593  20 32 32 38 2E 30 20 20 20 33 2E 35 36 34 0D 0A  228.0   3.564..
000474 01:14:14.593  20 32 32 37 2E 30 20 20 20 33 2E 35 35 35 0D 0A  227.0   3.555..
000475 01:14:14.593  20 32 32 36 2E 30 20 20 20 34 2E 30 30 30 0D 0A  226.0   4.000..
000476 01:14:14.609  20 32 32 35 2E 30 20 20 20 34 2E 30 30 30 0D 0A  225.0   4.000..
000477 01:14:14.640  20 32 32 34 2E 30 20 20 20 34 2E 30 30 30 0D 0A  224.0   4.000..
000478 01:14:14.656  20 32 32 33 2E 30 20 20 20 34 2E 30 30 30 0D 0A  223.0   4.000..
000479 01:14:14.671  20 32 32 32 2E 30 20 20 20 34 2E 30 30 30 0D 0A  222.0   4.000..
000480 01:14:14.687  20 32 32 31 2E 30 20 20 20 33 2E 34 39 38 0D 0A  221.0   3.498..
000481 01:14:14.703  20 32 32 30 2E 30 20 20 20 34 2E 30 30 30 0D 0A  220.0   4.000..
000482 01:14:14.718  20 32 31 39 2E 30 20 20 20 34 2E 30 30 30 0D 0A  219.0   4.000..
000483 01:14:14.718  20 32 31 38 2E 30 20 20 20 34 2E 30 30 30 0D 0A  218.0   4.000..
000484 01:14:14.750  20 32 31 37 2E 30 20 20 20 33 2E 34 35 33 0D 0A  217.0   3.453..
000485 01:14:14.765  20 32 31 36 2E 30 20 20 20 34 2E 30 30 30 0D 0A  216.0   4.000..
000486 01:14:14.781  20 32 31 35 2E 30 20 20 20 33 2E 34 32 36 0D 0A  215.0   3.426..
000487 01:14:14.796  20 32 31 34 2E 30 20 20 20 33 2E 34 30 38 0D 0A  214.0   3.408..
000488 01:14:14.812  20 32 31 33 2E 30 20 20 20 33 2E 39 39 34 0D 0A  213.0   3.994..
000489 01:14:14.828  20 32 31 32 2E 30 20 20 20 33 2E 36 37 35 0D 0A  212.0   3.675..
000490 01:14:14.843  20 32 31 31 2E 30 20 20 20 33 2E 36 35 34 0D 0A  211.0   3.654..
000491 01:14:14.875  20 32 31 30 2E 30 20 20 20 33 2E 39 33 31 0D 0A  210.0   3.931..
000492 01:14:14.890  20 32 30 39 2E 30 20 20 20 33 2E 39 30 33 0D 0A  209.0   3.903..
000493 01:14:14.906  20 32 30 38 2E 30 20 20 20 33 2E 35 37 35 0D 0A  208.0   3.575..
000494 01:14:14.921  20 32 30 37 2E 30 20 20 20 33 2E 38 34 35 0D 0A  207.0   3.845..
000495 01:14:14.937  20 32 30 36 2E 30 20 20 20 33 2E 35 30 39 0D 0A  206.0   3.509..
000496 01:14:14.953  20 32 30 35 2E 30 20 20 20 33 2E 34 37 31 0D 0A  205.0   3.471..
000497 01:14:14.968  20 32 30 34 2E 30 20 20 20 33 2E 37 33 34 0D 0A  204.0   3.734..
000498 01:14:14.984  20 32 30 33 2E 30 20 20 20 33 2E 36 39 30 0D 0A  203.0   3.690..
000499 01:14:15.000  20 32 30 32 2E 30 20 20 20 33 2E 36 34 32 0D 0A  202.0   3.642..
000500 01:14:15.015  20 32 30 31 2E 30 20 20 20 33 2E 35 39 30 0D 0A  201.0   3.590..
000501 01:14:15.031  20 32 30 30 2E 30 20 20 20 33 2E 32 33 39 0D 0A  200.0   3.239..
000502 01:14:15.046  20 31 39 39 2E 30 20 20 20 33 2E 34 38 35 0D 0A  199.0   3.485..
000503 01:14:15.062  20 31 39 38 2E 30 20 20 20 33 2E 31 32 37 0D 0A  198.0   3.127..
000504 01:14:15.078  20 31 39 37 2E 30 20 20 20 33 2E 33 36 36 0D 0A  197.0   3.366..
000505 01:14:15.156  20 31 39 36 2E 30 20 20 20 33 2E 33 31 30 0D 0A  196.0   3.310..
000506 01:14:15.156  20 31 39 35 2E 30 20 20 20 33 2E 31 35 32 0D 0A  195.0   3.152..
000507 01:14:15.156  20 31 39 34 2E 30 20 20 20 33 2E 30 38 31 0D 0A  194.0   3.081..
000508 01:14:15.156  20 31 39 33 2E 30 20 20 20 33 2E 30 30 39 0D 0A  193.0   3.009..
000509 01:14:15.171  20 31 39 32 2E 30 20 20 20 32 2E 39 32 36 0D 0A  192.0   2.926..
000510 01:14:15.187  20 31 39 31 2E 30 20 20 20 32 2E 38 32 37 0D 0A  191.0   2.827..
000511 01:14:15.203  20 31 39 30 2E 30 20 20 20 32 2E 37 30 39 0D 0A  190.0   2.709..
000512 01:14:15.218  1A                                              .
