000001 01:34:17.703  20 37 30 30 2E 30 20 20 20 30 2E 30 31 35 0D 0A  700.0   0.015..
000002 01:34:17.718  20 36 39 39 2E 30 20 20 20 30 2E 30 31 35 0D 0A  699.0   0.015..
000003 01:34:17.734  20 36 39 38 2E 30 20 20 20 30 2E 30 31 35 0D 0A  698.0   0.015..
000004 01:34:17.734  20 36 39 37 2E 30 20 20 20 30 2E 30 31 35 0D 0A  697.0   0.015..
000005 01:34:17.750  20 36 39 36 2E 30 20 20 20 30 2E 30 31 35 0D 0A  696.0   0.015..
000006 01:34:17.765  20 36 39 35 2E 30 20 20 20 30 2E 30 31 35 0D 0A  695.0   0.015..
000007 01:34:17.781  20 36 39 34 2E 30 20 20 20 30 2E 30 31 35 0D 0A  694.0   0.015..
000008 01:34:17.828  20 36 39 33 2E 30 20 20 20 30 2E 30 31 35 0D 0A  693.0   0.015..
000009 01:34:17.828  20 36 39 32 2E 30 20 20 20 30 2E 30 31 35 0D 0A  692.0   0.015..
000010 01:34:17.843  20 36 39 31 2E 30 20 20 20 30 2E 30 31 36 0D 0A  691.0   0.016..
000011 01:34:17.859  20 36 39 30 2E 30 20 20 20 30 2E 30 31 36 0D 0A  690.0   0.016..
000012 01:34:17.875  20 36 38 39 2E 30 20 20 20 30 2E 30 31 36 0D 0A  689.0   0.016..
000013 01:34:17.890  20 36 38 38 2E 30 20 20 20 30 2E 30 31 36 0D 0A  688.0   0.016..
000014 01:34:17.906  20 36 38 37 2E 30 20 20 20 30 2E 30 31 36 0D 0A  687.0   0.016..
000015 01:34:17.937  20 36 38 36 2E 30 20 20 20 30 2E 30 31 36 0D 0A  686.0   0.016..
000016 01:34:17.953  20 36 38 35 2E 30 20 20 20 30 2E 30 31 36 0D 0A  685.0   0.016..
000017 01:34:17.968  20 36 38 34 2E 30 20 20 20 30 2E 30 31 36 0D 0A  684.0   0.016..
000018 01:34:17.984  20 36 38 33 2E 30 20 20 20 30 2E 30 31 36 0D 0A  683.0   0.016..
000019 01:34:18.000  20 36 38 32 2E 30 20 20 20 30 2E 30 31 36 0D 0A  682.0   0.016..
000020 01:34:18.000  20 36 38 31 2E 30 20 20 20 30 2E 30 31 36 0D 0A  681.0   0.016..
000021 01:34:18.015  20 36 38 30 2E 30 20 20 20 30 2E 30 31 36 0D 0A  680.0   0.016..
000022 01:34:18.046  20 36 37 39 2E 30 20 20 20 30 2E 30 31 36 0D 0A  679.0   0.016..
000023 01:34:18.062  20 36 37 38 2E 30 20 20 20 30 2E 30 31 36 0D 0A  678.0   0.016..
000024 01:34:18.078  20 36 37 37 2E 30 20 20 20 30 2E 30 31 36 0D 0A  677.0   0.016..
000025 01:34:18.093  20 36 37 36 2E 30 20 20 20 30 2E 30 31 36 0D 0A  676.0   0.016..
000026 01:34:18.109  20 36 37 35 2E 30 20 20 20 30 2E 30 31 36 0D 0A  675.0   0.016..
000027 01:34:18.125  20 36 37 34 2E 30 20 20 20 30 2E 30 31 36 0D 0A  674.0   0.016..
000028 01:34:18.140  20 36 37 33 2E 30 20 20 20 30 2E 30 31 36 0D 0A  673.0   0.016..
000029 01:34:18.171  20 36 37 32 2E 30 20 20 20 30 2E 30 31 36 0D 0A  672.0   0.016..
000030 01:34:18.187  20 36 37 31 2E 30 20 20 20 30 2E 30 31 36 0D 0A  671.0   0.016..
000031 01:34:18.203  20 36 37 30 2E 30 20 20 20 30 2E 30 31 37 0D 0A  670.0   0.017..
000032 01:34:18.218  20 36 36 39 2E 30 20 20 20 30 2E 30 31 37 0D 0A  669.0   0.017..
000033 01:34:18.234  20 36 36 38 2E 30 20 20 20 30 2E 30 31 37 0D 0A  668.0   0.017..
000034 01:34:18.250  20 36 36 37 2E 30 20 20 20 30 2E 30 31 37 0D 0A  667.0   0.017..
000035 01:34:18.265  20 36 36 36 2E 30 20 20 20 30 2E 30 31 37 0D 0A  666.0   0.017..
000036 01:34:18.281  20 36 36 35 2E 30 20 20 20 30 2E 30 31 37 0D 0A  665.0   0.017..
000037 01:34:18.296  20 36 36 34 2E 30 20 20 20 30 2E 30 31 37 0D 0A  664.0   0.017..
000038 01:34:18.312  20 36 36 33 2E 30 20 20 20 30 2E 30 31 37 0D 0A  663.0   0.017..
000039 01:34:18.328  20 36 36 32 2E 30 20 20 20 30 2E 30 31 38 0D 0A  662.0   0.018..
000040 01:34:18.343  20 36 36 31 2E 30 20 20 20 30 2E 30 31 38 0D 0A  661.0   0.018..
000041 01:34:18.390  20 36 36 30 2E 30 20 20 20 30 2E 30 31 38 0D 0A  660.0   0.018..
000042 01:34:18.390  20 36 35 39 2E 30 20 20 20 30 2E 30 31 38 0D 0A  659.0   0.018..
000043 01:34:18.406  20 36 35 38 2E 30 20 20 20 30 2E 30 31 38 0D 0A  658.0   0.018..
000044 01:34:18.421  20 36 35 37 2E 30 20 20 20 30 2E 30 31 38 0D 0A  657.0   0.018..
000045 01:34:18.437  20 36 35 36 2E 30 20 20 20 30 2E 30 31 38 0D 0A  656.0   0.018..
000046 01:34:18.453  20 36 35 35 2E 30 20 20 20 30 2E 30 31 39 0D 0A  655.0   0.019..
000047 01:34:18.468  20 36 35 34 2E 30 20 20 20 30 2E 30 31 39 0D 0A  654.0   0.019..
000048 01:34:18.484  20 36 35 33 2E 30 20 20 20 30 2E 30 31 39 0D 0A  653.0   0.019..
000049 01:34:18.500  20 36 35 32 2E 30 20 20 20 30 2E 30 31 39 0D 0A  652.0   0.019..
000050 01:34:18.515  20 36 35 31 2E 30 20 20 20 30 2E 30 31 39 0D 0A  651.0   0.019..
000051 01:34:18.531  20 36 35 30 2E 30 20 20 20 30 2E 30 31 39 0D 0A  650.0   0.019..
000052 01:34:18.546  20 36 34 39 2E 30 20 20 20 30 2E 30 32 30 0D 0A  649.0   0.020..
000053 01:34:18.562  20 36 34 38 2E 30 20 20 20 30 2E 30 32 30 0D 0A  648.0   0.020..
000054 01:34:18.578  20 36 34 37 2E 30 20 20 20 30 2E 30 32 30 0D 0A  647.0   0.020..
000055 01:34:18.593  20 36 34 36 2E 30 20 20 20 30 2E 30 32 30 0D 0A  646.0   0.020..
000056 01:34:18.609  20 36 34 35 2E 30 20 20 20 30 2E 30 32 30 0D 0A  645.0   0.020..
000057 01:34:18.640  20 36 34 34 2E 30 20 20 20 30 2E 30 32 30 0D 0A  644.0   0.020..
000058 01:34:18.656  20 36 34 33 2E 30 20 20 20 30 2E 30 32 30 0D 0A  643.0   0.020..
000059 01:34:18.671  20 36 34 32 2E 30 20 20 20 30 2E 30 32 30 0D 0A  642.0   0.020..
000060 01:34:18.687  20 36 34 31 2E 30 20 20 20 30 2E 30 32 30 0D 0A  641.0   0.020..
000061 01:34:18.703  20 36 34 30 2E 30 20 20 20 30 2E 30 32 30 0D 0A  640.0   0.020..
000062 01:34:18.718  20 36 33 39 2E 30 20 20 20 30 2E 30 32 30 0D 0A  639.0   0.020..
000063 01:34:18.734  20 36 33 38 2E 30 20 20 20 30 2E 30 32 31 0D 0A  638.0   0.021..
000064 01:34:18.765  20 36 33 37 2E 30 20 20 20 30 2E 30 32 31 0D 0A  637.0   0.021..
000065 01:34:18.781  20 36 33 36 2E 30 20 20 20 30 2E 30 32 32 0D 0A  636.0   0.022..
000066 01:34:18.781  20 36 33 35 2E 30 20 20 20 30 2E 30 32 33 0D 0A  635.0   0.023..
000067 01:34:18.796  20 36 33 34 2E 30 20 20 20 30 2E 30 32 33 0D 0A  634.0   0.023..
000068 01:34:18.812  20 36 33 33 2E 30 20 20 20 30 2E 30 32 33 0D 0A  633.0   0.023..
000069 01:34:18.828  20 36 33 32 2E 30 20 20 20 30 2E 30 32 34 0D 0A  632.0   0.024..
000070 01:34:18.843  20 36 33 31 2E 30 20 20 20 30 2E 30 32 33 0D 0A  631.0   0.023..
000071 01:34:18.875  20 36 33 30 2E 30 20 20 20 30 2E 30 32 34 0D 0A  630.0   0.024..
000072 01:34:18.890  20 36 32 39 2E 30 20 20 20 30 2E 30 32 34 0D 0A  629.0   0.024..
000073 01:34:18.921  20 36 32 38 2E 30 20 20 20 30 2E 30 32 33 0D 0A  628.0   0.023..
000074 01:34:18.921  20 36 32 37 2E 30 20 20 20 30 2E 30 32 33 0D 0A  627.0   0.023..
000075 01:34:18.937  20 36 32 36 2E 30 20 20 20 30 2E 30 32 33 0D 0A  626.0   0.023..
000076 01:34:18.953  20 36 32 35 2E 30 20 20 20 30 2E 30 32 34 0D 0A  625.0   0.024..
000077 01:34:18.968  20 36 32 34 2E 30 20 20 20 30 2E 30 32 34 0D 0A  624.0   0.024..
000078 01:34:19.000  20 36 32 33 2E 30 20 20 20 30 2E 30 32 34 0D 0A  623.0   0.024..
000079 01:34:19.015  20 36 32 32 2E 30 20 20 20 30 2E 30 32 34 0D 0A  622.0   0.024..
000080 01:34:19.031  20 36 32 31 2E 30 20 20 20 30 2E 30 32 34 0D 0A  621.0   0.024..
000081 01:34:19.046  20 36 32 30 2E 30 20 20 20 30 2E 30 32 34 0D 0A  620.0   0.024..
000082 01:34:19.046  20 36 31 39 2E 30 20 20 20 30 2E 30 32 34 0D 0A  619.0   0.024..
000083 01:34:19.062  20 36 31 38 2E 30 20 20 20 30 2E 30 32 34 0D 0A  618.0   0.024..
000084 01:34:19.078  20 36 31 37 2E 30 20 20 20 30 2E 30 32 34 0D 0A  617.0   0.024..
000085 01:34:19.109  20 36 31 36 2E 30 20 20 20 30 2E 30 32 34 0D 0A  616.0   0.024..
000086 01:34:19.125  20 36 31 35 2E 30 20 20 20 30 2E 30 32 34 0D 0A  615.0   0.024..
000087 01:34:19.140  20 36 31 34 2E 30 20 20 20 30 2E 30 32 34 0D 0A  614.0   0.024..
000088 01:34:19.156  20 36 31 33 2E 30 20 20 20 30 2E 30 32 34 0D 0A  613.0   0.024..
000089 01:34:19.171  20 36 31 32 2E 30 20 20 20 30 2E 30 32 34 0D 0A  612.0   0.024..
000090 01:34:19.187  20 36 31 31 2E 30 20 20 20 30 2E 30 32 34 0D 0A  611.0   0.024..
000091 01:34:19.203  20 36 31 30 2E 30 20 20 20 30 2E 30 32 34 0D 0A  610.0   0.024..
000092 01:34:19.234  20 36 30 39 2E 30 20 20 20 30 2E 30 32 34 0D 0A  609.0   0.024..
000093 01:34:19.250  20 36 30 38 2E 30 20 20 20 30 2E 30 32 34 0D 0A  608.0   0.024..
000094 01:34:19.265  20 36 30 37 2E 30 20 20 20 30 2E 30 32 34 0D 0A  607.0   0.024..
000095 01:34:19.281  20 36 30 36 2E 30 20 20 20 30 2E 30 32 34 0D 0A  606.0   0.024..
000096 01:34:19.296  20 36 30 35 2E 30 20 20 20 30 2E 30 32 34 0D 0A  605.0   0.024..
000097 01:34:19.312  20 36 30 34 2E 30 20 20 20 30 2E 30 32 34 0D 0A  604.0   0.024..
000098 01:34:19.343  20 36 30 33 2E 30 20 20 20 30 2E 30 32 34 0D 0A  603.0   0.024..
000099 01:34:19.343  20 36 30 32 2E 30 20 20 20 30 2E 30 32 34 0D 0A  602.0   0.024..
000100 01:34:19.359  20 36 30 31 2E 30 20 20 20 30 2E 30 32 34 0D 0A  601.0   0.024..
000101 01:34:19.375  20 36 30 30 2E 30 20 20 20 30 2E 30 32 35 0D 0A  600.0   0.025..
000102 01:34:19.390  20 35 39 39 2E 30 20 20 20 30 2E 30 32 35 0D 0A  599.0   0.025..
000103 01:34:19.406  20 35 39 38 2E 30 20 20 20 30 2E 30 32 35 0D 0A  598.0   0.025..
000104 01:34:19.421  20 35 39 37 2E 30 20 20 20 30 2E 30 32 35 0D 0A  597.0   0.025..
000105 01:34:19.437  20 35 39 36 2E 30 20 20 20 30 2E 30 32 35 0D 0A  596.0   0.025..
000106 01:34:19.468  20 35 39 35 2E 30 20 20 20 30 2E 30 32 35 0D 0A  595.0   0.025..
000107 01:34:19.484  20 35 39 34 2E 30 20 20 20 30 2E 30 32 35 0D 0A  594.0   0.025..
000108 01:34:19.500  20 35 39 33 2E 30 20 20 20 30 2E 30 32 35 0D 0A  593.0   0.025..
000109 01:34:19.515  20 35 39 32 2E 30 20 20 20 30 2E 30 32 35 0D 0A  592.0   0.025..
000110 01:34:19.531  20 35 39 31 2E 30 20 20 20 30 2E 30 32 35 0D 0A  591.0   0.025..
000111 01:34:19.546  20 35 39 30 2E 30 20 20 20 30 2E 30 32 35 0D 0A  590.0   0.025..
000112 01:34:19.562  20 35 38 39 2E 30 20 20 20 30 2E 30 32 36 0D 0A  589.0   0.026..
000113 01:34:19.578  20 35 38 38 2E 30 20 20 20 30 2E 30 32 36 0D 0A  588.0   0.026..
000114 01:34:19.593  20 35 38 37 2E 30 20 20 20 30 2E 30 32 36 0D 0A  587.0   0.026..
000115 01:34:19.609  20 35 38 36 2E 30 20 20 20 30 2E 30 32 36 0D 0A  586.0   0.026..
000116 01:34:19.625  20 35 38 35 2E 30 20 20 20 30 2E 30 32 36 0D 0A  585.0   0.026..
000117 01:34:19.640  20 35 38 34 2E 30 20 20 20 30 2E 30 32 36 0D 0A  584.0   0.026..
000118 01:34:19.656  20 35 38 33 2E 30 20 20 20 30 2E 30 32 36 0D 0A  583.0   0.026..
000119 01:34:19.671  20 35 38 32 2E 30 20 20 20 30 2E 30 32 36 0D 0A  582.0   0.026..
000120 01:34:19.703  20 35 38 31 2E 30 20 20 20 30 2E 30 32 36 0D 0A  581.0   0.026..
000121 01:34:19.718  20 35 38 30 2E 30 20 20 20 30 2E 30 32 36 0D 0A  580.0   0.026..
000122 01:34:19.734  20 35 37 39 2E 30 20 20 20 30 2E 30 32 37 0D 0A  579.0   0.027..
000123 01:34:19.750  20 35 37 38 2E 30 20 20 20 30 2E 30 32 37 0D 0A  578.0   0.027..
000124 01:34:19.765  20 35 37 37 2E 30 20 20 20 30 2E 30 32 37 0D 0A  577.0   0.027..
000125 01:34:19.781  20 35 37 36 2E 30 20 20 20 30 2E 30 32 37 0D 0A  576.0   0.027..
000126 01:34:19.796  20 35 37 35 2E 30 20 20 20 30 2E 30 32 37 0D 0A  575.0   0.027..
000127 01:34:19.828  20 35 37 34 2E 30 20 20 20 30 2E 30 32 37 0D 0A  574.0   0.027..
000128 01:34:19.828  20 35 37 33 2E 30 20 20 20 30 2E 30 32 37 0D 0A  573.0   0.027..
000129 01:34:19.843  20 35 37 32 2E 30 20 20 20 30 2E 30 32 37 0D 0A  572.0   0.027..
000130 01:34:19.890  20 35 37 31 2E 30 20 20 20 30 2E 30 32 37 0D 0A  571.0   0.027..
000131 01:34:19.890  20 35 37 30 2E 30 20 20 20 30 2E 30 32 37 0D 0A  570.0   0.027..
000132 01:34:19.890  20 35 36 39 2E 30 20 20 20 30 2E 30 32 37 0D 0A  569.0   0.027..
000133 01:34:19.906  20 35 36 38 2E 30 20 20 20 30 2E 30 32 38 0D 0A  568.0   0.028..
000134 01:34:19.937  20 35 36 37 2E 30 20 20 20 30 2E 30 32 38 0D 0A  567.0   0.028..
000135 01:34:19.953  20 35 36 36 2E 30 20 20 20 30 2E 30 32 38 0D 0A  566.0   0.028..
000136 01:34:19.968  20 35 36 35 2E 30 20 20 20 30 2E 30 32 38 0D 0A  565.0   0.028..
000137 01:34:19.984  20 35 36 34 2E 30 20 20 20 30 2E 30 32 38 0D 0A  564.0   0.028..
000138 01:34:20.000  20 35 36 33 2E 30 20 20 20 30 2E 30 32 38 0D 0A  563.0   0.028..
000139 01:34:20.015  20 35 36 32 2E 30 20 20 20 30 2E 30 32 39 0D 0A  562.0   0.029..
000140 01:34:20.031  20 35 36 31 2E 30 20 20 20 30 2E 30 32 39 0D 0A  561.0   0.029..
000141 01:34:20.062  20 35 36 30 2E 30 20 20 20 30 2E 30 32 39 0D 0A  560.0   0.029..
000142 01:34:20.078  20 35 35 39 2E 30 20 20 20 30 2E 30 32 39 0D 0A  559.0   0.029..
000143 01:34:20.093  20 35 35 38 2E 30 20 20 20 30 2E 30 32 39 0D 0A  558.0   0.029..
000144 01:34:20.093  20 35 35 37 2E 30 20 20 20 30 2E 30 32 39 0D 0A  557.0   0.029..
000145 01:34:20.109  20 35 35 36 2E 30 20 20 20 30 2E 30 32 39 0D 0A  556.0   0.029..
000146 01:34:20.125  20 35 35 35 2E 30 20 20 20 30 2E 30 32 39 0D 0A  555.0   0.029..
000147 01:34:20.140  20 35 35 34 2E 30 20 20 20 30 2E 30 33 30 0D 0A  554.0   0.030..
000148 01:34:20.171  20 35 35 33 2E 30 20 20 20 30 2E 30 33 30 0D 0A  553.0   0.030..
000149 01:34:20.187  20 35 35 32 2E 30 20 20 20 30 2E 30 33 30 0D 0A  552.0   0.030..
000150 01:34:20.203  20 35 35 31 2E 30 20 20 20 30 2E 30 33 30 0D 0A  551.0   0.030..
000151 01:34:20.218  20 35 35 30 2E 30 20 20 20 30 2E 30 33 31 0D 0A  550.0   0.031..
000152 01:34:20.234  20 35 34 39 2E 30 20 20 20 30 2E 30 33 31 0D 0A  549.0   0.031..
000153 01:34:20.250  20 35 34 38 2E 30 20 20 20 30 2E 30 33 31 0D 0A  548.0   0.031..
000154 01:34:20.265  20 35 34 37 2E 30 20 20 20 30 2E 30 33 31 0D 0A  547.0   0.031..
000155 01:34:20.296  20 35 34 36 2E 30 20 20 20 30 2E 30 33 32 0D 0A  546.0   0.032..
000156 01:34:20.312  20 35 34 35 2E 30 20 20 20 30 2E 30 33 32 0D 0A  545.0   0.032..
000157 01:34:20.328  20 35 34 34 2E 30 20 20 20 30 2E 30 33 33 0D 0A  544.0   0.033..
000158 01:34:20.343  20 35 34 33 2E 30 20 20 20 30 2E 30 33 33 0D 0A  543.0   0.033..
000159 01:34:20.359  20 35 34 32 2E 30 20 20 20 30 2E 30 33 33 0D 0A  542.0   0.033..
000160 01:34:20.359  20 35 34 31 2E 30 20 20 20 30 2E 30 33 34 0D 0A  541.0   0.034..
000161 01:34:20.375  20 35 34 30 2E 30 20 20 20 30 2E 30 33 35 0D 0A  540.0   0.035..
000162 01:34:20.421  20 35 33 39 2E 30 20 20 20 30 2E 30 33 35 0D 0A  539.0   0.035..
000163 01:34:20.421  20 35 33 38 2E 30 20 20 20 30 2E 30 33 36 0D 0A  538.0   0.036..
000164 01:34:20.437  20 35 33 37 2E 30 20 20 20 30 2E 30 33 36 0D 0A  537.0   0.036..
000165 01:34:20.453  20 35 33 36 2E 30 20 20 20 30 2E 30 33 31 0D 0A  536.0   0.031..
000166 01:34:20.468  20 35 33 35 2E 30 20 20 20 30 2E 30 33 31 0D 0A  535.0   0.031..
000167 01:34:20.484  20 35 33 34 2E 30 20 20 20 30 2E 30 33 32 0D 0A  534.0   0.032..
000168 01:34:20.500  20 35 33 33 2E 30 20 20 20 30 2E 30 33 32 0D 0A  533.0   0.032..
000169 01:34:20.531  20 35 33 32 2E 30 20 20 20 30 2E 30 33 32 0D 0A  532.0   0.032..
000170 01:34:20.546  20 35 33 31 2E 30 20 20 20 30 2E 30 33 32 0D 0A  531.0   0.032..
000171 01:34:20.562  20 35 33 30 2E 30 20 20 20 30 2E 30 33 33 0D 0A  530.0   0.033..
000172 01:34:20.578  20 35 32 39 2E 30 20 20 20 30 2E 30 33 33 0D 0A  529.0   0.033..
000173 01:34:20.593  20 35 32 38 2E 30 20 20 20 30 2E 30 33 33 0D 0A  528.0   0.033..
000174 01:34:20.609  20 35 32 37 2E 30 20 20 20 30 2E 30 33 33 0D 0A  527.0   0.033..
000175 01:34:20.625  20 35 32 36 2E 30 20 20 20 30 2E 30 33 33 0D 0A  526.0   0.033..
000176 01:34:20.640  20 35 32 35 2E 30 20 20 20 30 2E 30 33 33 0D 0A  525.0   0.033..
000177 01:34:20.656  20 35 32 34 2E 30 20 20 20 30 2E 30 33 34 0D 0A  524.0   0.034..
000178 01:34:20.671  20 35 32 33 2E 30 20 20 20 30 2E 30 33 34 0D 0A  523.0   0.034..
000179 01:34:20.687  20 35 32 32 2E 30 20 20 20 30 2E 30 33 34 0D 0A  522.0   0.034..
000180 01:34:20.703  20 35 32 31 2E 30 20 20 20 30 2E 30 33 34 0D 0A  521.0   0.034..
000181 01:34:20.718  20 35 32 30 2E 30 20 20 20 30 2E 30 33 34 0D 0A  520.0   0.034..
000182 01:34:20.734  20 35 31 39 2E 30 20 20 20 30 2E 30 33 35 0D 0A  519.0   0.035..
000183 01:34:20.765  20 35 31 38 2E 30 20 20 20 30 2E 30 33 35 0D 0A  518.0   0.035..
000184 01:34:20.781  20 35 31 37 2E 30 20 20 20 30 2E 30 33 35 0D 0A  517.0   0.035..
000185 01:34:20.796  20 35 31 36 2E 30 20 20 20 30 2E 30 33 35 0D 0A  516.0   0.035..
000186 01:34:20.812  20 35 31 35 2E 30 20 20 20 30 2E 30 33 36 0D 0A  515.0   0.036..
000187 01:34:20.828  20 35 31 34 2E 30 20 20 20 30 2E 30 33 36 0D 0A  514.0   0.036..
000188 01:34:20.843  20 35 31 33 2E 30 20 20 20 30 2E 30 33 36 0D 0A  513.0   0.036..
000189 01:34:20.859  20 35 31 32 2E 30 20 20 20 30 2E 30 33 36 0D 0A  512.0   0.036..
000190 01:34:20.875  20 35 31 31 2E 30 20 20 20 30 2E 30 33 37 0D 0A  511.0   0.037..
000191 01:34:20.890  20 35 31 30 2E 30 20 20 20 30 2E 30 33 37 0D 0A  510.0   0.037..
000192 01:34:20.906  20 35 30 39 2E 30 20 20 20 30 2E 30 33 37 0D 0A  509.0   0.037..
000193 01:34:20.921  20 35 30 38 2E 30 20 20 20 30 2E 30 33 37 0D 0A  508.0   0.037..
000194 01:34:20.953  20 35 30 37 2E 30 20 20 20 30 2E 30 33 37 0D 0A  507.0   0.037..
000195 01:34:20.953  20 35 30 36 2E 30 20 20 20 30 2E 30 33 38 0D 0A  506.0   0.038..
000196 01:34:20.968  20 35 30 35 2E 30 20 20 20 30 2E 30 33 38 0D 0A  505.0   0.038..
000197 01:34:21.000  20 35 30 34 2E 30 20 20 20 30 2E 30 33 38 0D 0A  504.0   0.038..
000198 01:34:21.015  20 35 30 33 2E 30 20 20 20 30 2E 30 33 38 0D 0A  503.0   0.038..
000199 01:34:21.031  20 35 30 32 2E 30 20 20 20 30 2E 30 33 39 0D 0A  502.0   0.039..
000200 01:34:21.046  20 35 30 31 2E 30 20 20 20 30 2E 30 33 38 0D 0A  501.0   0.038..
000201 01:34:21.062  20 35 30 30 2E 30 20 20 20 30 2E 30 33 39 0D 0A  500.0   0.039..
000202 01:34:21.078  20 34 39 39 2E 30 20 20 20 30 2E 30 33 39 0D 0A  499.0   0.039..
000203 01:34:21.093  20 34 39 38 2E 30 20 20 20 30 2E 30 33 39 0D 0A  498.0   0.039..
000204 01:34:21.125  20 34 39 37 2E 30 20 20 20 30 2E 30 34 30 0D 0A  497.0   0.040..
000205 01:34:21.140  20 34 39 36 2E 30 20 20 20 30 2E 30 34 30 0D 0A  496.0   0.040..
000206 01:34:21.140  20 34 39 35 2E 30 20 20 20 30 2E 30 33 39 0D 0A  495.0   0.039..
000207 01:34:21.171  20 34 39 34 2E 30 20 20 20 30 2E 30 33 39 0D 0A  494.0   0.039..
000208 01:34:21.171  20 34 39 33 2E 30 20 20 20 30 2E 30 34 30 0D 0A  493.0   0.040..
000209 01:34:21.187  20 34 39 32 2E 30 20 20 20 30 2E 30 34 30 0D 0A  492.0   0.040..
000210 01:34:21.203  20 34 39 31 2E 30 20 20 20 30 2E 30 34 30 0D 0A  491.0   0.040..
000211 01:34:21.234  20 34 39 30 2E 30 20 20 20 30 2E 30 34 30 0D 0A  490.0   0.040..
000212 01:34:21.250  20 34 38 39 2E 30 20 20 20 30 2E 30 34 30 0D 0A  489.0   0.040..
000213 01:34:21.265  20 34 38 38 2E 30 20 20 20 30 2E 30 34 30 0D 0A  488.0   0.040..
000214 01:34:21.281  20 34 38 37 2E 30 20 20 20 30 2E 30 34 31 0D 0A  487.0   0.041..
000215 01:34:21.296  20 34 38 36 2E 30 20 20 20 30 2E 30 34 31 0D 0A  486.0   0.041..
000216 01:34:21.312  20 34 38 35 2E 30 20 20 20 30 2E 30 34 31 0D 0A  485.0   0.041..
000217 01:34:21.328  20 34 38 34 2E 30 20 20 20 30 2E 30 34 31 0D 0A  484.0   0.041..
000218 01:34:21.359  20 34 38 33 2E 30 20 20 20 30 2E 30 34 31 0D 0A  483.0   0.041..
000219 01:34:21.375  20 34 38 32 2E 30 20 20 20 30 2E 30 34 32 0D 0A  482.0   0.042..
000220 01:34:21.390  20 34 38 31 2E 30 20 20 20 30 2E 30 34 32 0D 0A  481.0   0.042..
000221 01:34:21.406  20 34 38 30 2E 30 20 20 20 30 2E 30 34 32 0D 0A  480.0   0.042..
000222 01:34:21.406  20 34 37 39 2E 30 20 20 20 30 2E 30 34 32 0D 0A  479.0   0.042..
000223 01:34:21.421  20 34 37 38 2E 30 20 20 20 30 2E 30 34 32 0D 0A  478.0   0.042..
000224 01:34:21.437  20 34 37 37 2E 30 20 20 20 30 2E 30 34 32 0D 0A  477.0   0.042..
000225 01:34:21.468  20 34 37 36 2E 30 20 20 20 30 2E 30 34 33 0D 0A  476.0   0.043..
000226 01:34:21.484  20 34 37 35 2E 30 20 20 20 30 2E 30 34 33 0D 0A  475.0   0.043..
000227 01:34:21.500  20 34 37 34 2E 30 20 20 20 30 2E 30 34 33 0D 0A  474.0   0.043..
000228 01:34:21.515  20 34 37 33 2E 30 20 20 20 30 2E 30 34 33 0D 0A  473.0   0.043..
000229 01:34:21.531  20 34 37 32 2E 30 20 20 20 30 2E 30 34 33 0D 0A  472.0   0.043..
000230 01:34:21.546  20 34 37 31 2E 30 20 20 20 30 2E 30 34 34 0D 0A  471.0   0.044..
000231 01:34:21.562  20 34 37 30 2E 30 20 20 20 30 2E 30 34 34 0D 0A  470.0   0.044..
000232 01:34:21.593  20 34 36 39 2E 30 20 20 20 30 2E 30 34 35 0D 0A  469.0   0.045..
000233 01:34:21.609  20 34 36 38 2E 30 20 20 20 30 2E 30 34 35 0D 0A  468.0   0.045..
000234 01:34:21.625  20 34 36 37 2E 30 20 20 20 30 2E 30 34 35 0D 0A  467.0   0.045..
000235 01:34:21.640  20 34 36 36 2E 30 20 20 20 30 2E 30 34 35 0D 0A  466.0   0.045..
000236 01:34:21.656  20 34 36 35 2E 30 20 20 20 30 2E 30 34 35 0D 0A  465.0   0.045..
000237 01:34:21.671  20 34 36 34 2E 30 20 20 20 30 2E 30 34 35 0D 0A  464.0   0.045..
000238 01:34:21.671  20 34 36 33 2E 30 20 20 20 30 2E 30 34 35 0D 0A  463.0   0.045..
000239 01:34:21.703  20 34 36 32 2E 30 20 20 20 30 2E 30 34 35 0D 0A  462.0   0.045..
000240 01:34:21.734  20 34 36 31 2E 30 20 20 20 30 2E 30 34 35 0D 0A  461.0   0.045..
000241 01:34:21.734  20 34 36 30 2E 30 20 20 20 30 2E 30 34 36 0D 0A  460.0   0.046..
000242 01:34:21.750  20 34 35 39 2E 30 20 20 20 30 2E 30 34 36 0D 0A  459.0   0.046..
000243 01:34:21.765  20 34 35 38 2E 30 20 20 20 30 2E 30 34 37 0D 0A  458.0   0.047..
000244 01:34:21.781  20 34 35 37 2E 30 20 20 20 30 2E 30 34 37 0D 0A  457.0   0.047..
000245 01:34:21.796  20 34 35 36 2E 30 20 20 20 30 2E 30 34 37 0D 0A  456.0   0.047..
000246 01:34:21.828  20 34 35 35 2E 30 20 20 20 30 2E 30 34 38 0D 0A  455.0   0.048..
000247 01:34:21.843  20 34 35 34 2E 30 20 20 20 30 2E 30 34 39 0D 0A  454.0   0.049..
000248 01:34:21.859  20 34 35 33 2E 30 20 20 20 30 2E 30 35 30 0D 0A  453.0   0.050..
000249 01:34:21.875  20 34 35 32 2E 30 20 20 20 30 2E 30 35 31 0D 0A  452.0   0.051..
000250 01:34:21.890  20 34 35 31 2E 30 20 20 20 30 2E 30 35 31 0D 0A  451.0   0.051..
000251 01:34:21.906  20 34 35 30 2E 30 20 20 20 30 2E 30 35 32 0D 0A  450.0   0.052..
000252 01:34:21.921  20 34 34 39 2E 30 20 20 20 30 2E 30 35 33 0D 0A  449.0   0.053..
000253 01:34:21.937  20 34 34 38 2E 30 20 20 20 30 2E 30 35 33 0D 0A  448.0   0.053..
000254 01:34:21.953  20 34 34 37 2E 30 20 20 20 30 2E 30 35 34 0D 0A  447.0   0.054..
000255 01:34:21.968  20 34 34 36 2E 30 20 20 20 30 2E 30 35 35 0D 0A  446.0   0.055..
000256 01:34:21.984  20 34 34 35 2E 30 20 20 20 30 2E 30 35 35 0D 0A  445.0   0.055..
000257 01:34:22.000  20 34 34 34 2E 30 20 20 20 30 2E 30 35 35 0D 0A  444.0   0.055..
000258 01:34:22.015  20 34 34 33 2E 30 20 20 20 30 2E 30 35 36 0D 0A  443.0   0.056..
000259 01:34:22.031  20 34 34 32 2E 30 20 20 20 30 2E 30 35 36 0D 0A  442.0   0.056..
000260 01:34:22.062  20 34 34 31 2E 30 20 20 20 30 2E 30 35 37 0D 0A  441.0   0.057..
000261 01:34:22.078  20 34 34 30 2E 30 20 20 20 30 2E 30 35 37 0D 0A  440.0   0.057..
000262 01:34:22.093  20 34 33 39 2E 30 20 20 20 30 2E 30 35 38 0D 0A  439.0   0.058..
000263 01:34:22.109  20 34 33 38 2E 30 20 20 20 30 2E 30 35 39 0D 0A  438.0   0.059..
000264 01:34:22.125  20 34 33 37 2E 30 20 20 20 30 2E 30 36 30 0D 0A  437.0   0.060..
000265 01:34:22.140  20 34 33 36 2E 30 20 20 20 30 2E 30 36 30 0D 0A  436.0   0.060..
000266 01:34:22.156  20 34 33 35 2E 30 20 20 20 30 2E 30 36 31 0D 0A  435.0   0.061..
000267 01:34:22.187  20 34 33 34 2E 30 20 20 20 30 2E 30 36 33 0D 0A  434.0   0.063..
000268 01:34:22.187  20 34 33 33 2E 30 20 20 20 30 2E 30 36 34 0D 0A  433.0   0.064..
000269 01:34:22.203  20 34 33 32 2E 30 20 20 20 30 2E 30 36 35 0D 0A  432.0   0.065..
000270 01:34:22.218  20 34 33 31 2E 30 20 20 20 30 2E 30 36 36 0D 0A  431.0   0.066..
000271 01:34:22.234  20 34 33 30 2E 30 20 20 20 30 2E 30 36 38 0D 0A  430.0   0.068..
000272 01:34:22.250  20 34 32 39 2E 30 20 20 20 30 2E 30 36 39 0D 0A  429.0   0.069..
000273 01:34:22.265  20 34 32 38 2E 30 20 20 20 30 2E 30 37 31 0D 0A  428.0   0.071..
000274 01:34:22.296  20 34 32 37 2E 30 20 20 20 30 2E 30 37 33 0D 0A  427.0   0.073..
000275 01:34:22.312  20 34 32 36 2E 30 20 20 20 30 2E 30 37 36 0D 0A  426.0   0.076..
000276 01:34:22.328  20 34 32 35 2E 30 20 20 20 30 2E 30 37 38 0D 0A  425.0   0.078..
000277 01:34:22.343  20 34 32 34 2E 30 20 20 20 30 2E 30 38 31 0D 0A  424.0   0.081..
000278 01:34:22.359  20 34 32 33 2E 30 20 20 20 30 2E 30 38 33 0D 0A  423.0   0.083..
000279 01:34:22.375  20 34 32 32 2E 30 20 20 20 30 2E 30 38 37 0D 0A  422.0   0.087..
000280 01:34:22.390  20 34 32 31 2E 30 20 20 20 30 2E 30 39 30 0D 0A  421.0   0.090..
000281 01:34:22.421  20 34 32 30 2E 30 20 20 20 30 2E 30 39 34 0D 0A  420.0   0.094..
000282 01:34:22.437  20 34 31 39 2E 30 20 20 20 30 2E 30 39 37 0D 0A  419.0   0.097..
000283 01:34:22.453  20 34 31 38 2E 30 20 20 20 30 2E 31 30 32 0D 0A  418.0   0.102..
000284 01:34:22.453  20 34 31 37 2E 30 20 20 20 30 2E 31 30 37 0D 0A  417.0   0.107..
000285 01:34:22.468  20 34 31 36 2E 30 20 20 20 30 2E 31 31 32 0D 0A  416.0   0.112..
000286 01:34:22.484  20 34 31 35 2E 30 20 20 20 30 2E 31 31 35 0D 0A  415.0   0.115..
000287 01:34:22.500  20 34 31 34 2E 30 20 20 20 30 2E 31 32 31 0D 0A  414.0   0.121..
000288 01:34:22.531  20 34 31 33 2E 30 20 20 20 30 2E 31 32 38 0D 0A  413.0   0.128..
000289 01:34:22.546  20 34 31 32 2E 30 20 20 20 30 2E 31 33 35 0D 0A  412.0   0.135..
000290 01:34:22.562  20 34 31 31 2E 30 20 20 20 30 2E 31 34 33 0D 0A  411.0   0.143..
000291 01:34:22.578  20 34 31 30 2E 30 20 20 20 30 2E 31 34 39 0D 0A  410.0   0.149..
000292 01:34:22.593  20 34 30 39 2E 30 20 20 20 30 2E 31 35 36 0D 0A  409.0   0.156..
000293 01:34:22.609  20 34 30 38 2E 30 20 20 20 30 2E 31 36 31 0D 0A  408.0   0.161..
000294 01:34:22.625  20 34 30 37 2E 30 20 20 20 30 2E 31 36 36 0D 0A  407.0   0.166..
000295 01:34:22.656  20 34 30 36 2E 30 20 20 20 30 2E 31 37 30 0D 0A  406.0   0.170..
000296 01:34:22.671  20 34 30 35 2E 30 20 20 20 30 2E 31 37 32 0D 0A  405.0   0.172..
000297 01:34:22.687  20 34 30 34 2E 30 20 20 20 30 2E 31 37 33 0D 0A  404.0   0.173..
000298 01:34:22.703  20 34 30 33 2E 30 20 20 20 30 2E 31 37 32 0D 0A  403.0   0.172..
000299 01:34:22.718  20 34 30 32 2E 30 20 20 20 30 2E 31 37 32 0D 0A  402.0   0.172..
000300 01:34:22.718  20 34 30 31 2E 30 20 20 20 30 2E 31 37 30 0D 0A  401.0   0.170..
000301 01:34:22.734  20 34 30 30 2E 30 20 20 20 30 2E 31 36 37 0D 0A  400.0   0.167..
000302 01:34:22.765  20 33 39 39 2E 30 20 20 20 30 2E 31 36 34 0D 0A  399.0   0.164..
000303 01:34:22.781  20 33 39 38 2E 30 20 20 20 30 2E 31 36 31 0D 0A  398.0   0.161..
000304 01:34:22.796  20 33 39 37 2E 30 20 20 20 30 2E 31 35 37 0D 0A  397.0   0.157..
000305 01:34:22.812  20 33 39 36 2E 30 20 20 20 30 2E 31 35 34 0D 0A  396.0   0.154..
000306 01:34:22.828  20 33 39 35 2E 30 20 20 20 30 2E 31 35 30 0D 0A  395.0   0.150..
000307 01:34:22.843  20 33 39 34 2E 30 20 20 20 30 2E 31 34 37 0D 0A  394.0   0.147..
000308 01:34:22.859  20 33 39 33 2E 30 20 20 20 30 2E 31 34 35 0D 0A  393.0   0.145..
000309 01:34:22.890  20 33 39 32 2E 30 20 20 20 30 2E 31 34 32 0D 0A  392.0   0.142..
000310 01:34:22.906  20 33 39 31 2E 30 20 20 20 30 2E 31 34 30 0D 0A  391.0   0.140..
000311 01:34:22.937  20 33 39 30 2E 30 20 20 20 30 2E 31 33 37 0D 0A  390.0   0.137..
000312 01:34:22.937  20 33 38 39 2E 30 20 20 20 30 2E 31 33 36 0D 0A  389.0   0.136..
000313 01:34:22.953  20 33 38 38 2E 30 20 20 20 30 2E 31 33 34 0D 0A  388.0   0.134..
000314 01:34:22.968  20 33 38 37 2E 30 20 20 20 30 2E 31 33 32 0D 0A  387.0   0.132..
000315 01:34:22.984  20 33 38 36 2E 30 20 20 20 30 2E 31 33 31 0D 0A  386.0   0.131..
000316 01:34:23.000  20 33 38 35 2E 30 20 20 20 30 2E 31 33 30 0D 0A  385.0   0.130..
000317 01:34:23.015  20 33 38 34 2E 30 20 20 20 30 2E 31 32 39 0D 0A  384.0   0.129..
000318 01:34:23.031  20 33 38 33 2E 30 20 20 20 30 2E 31 32 38 0D 0A  383.0   0.128..
000319 01:34:23.062  20 33 38 32 2E 30 20 20 20 30 2E 31 32 37 0D 0A  382.0   0.127..
000320 01:34:23.062  20 33 38 31 2E 30 20 20 20 30 2E 31 32 36 0D 0A  381.0   0.126..
000321 01:34:23.078  20 33 38 30 2E 30 20 20 20 30 2E 31 32 35 0D 0A  380.0   0.125..
000322 01:34:23.093  20 33 37 39 2E 30 20 20 20 30 2E 31 32 34 0D 0A  379.0   0.124..
000323 01:34:23.125  20 33 37 38 2E 30 20 20 20 30 2E 31 32 33 0D 0A  378.0   0.123..
000324 01:34:23.140  20 33 37 37 2E 30 20 20 20 30 2E 31 32 33 0D 0A  377.0   0.123..
000325 01:34:23.156  20 33 37 36 2E 30 20 20 20 30 2E 31 32 32 0D 0A  376.0   0.122..
000326 01:34:23.171  20 33 37 35 2E 30 20 20 20 30 2E 31 32 32 0D 0A  375.0   0.122..
000327 01:34:23.187  20 33 37 34 2E 30 20 20 20 30 2E 31 32 31 0D 0A  374.0   0.121..
000328 01:34:23.203  20 33 37 33 2E 30 20 20 20 30 2E 31 32 31 0D 0A  373.0   0.121..
000329 01:34:23.218  20 33 37 32 2E 30 20 20 20 30 2E 31 32 31 0D 0A  372.0   0.121..
000330 01:34:23.250  20 33 37 31 2E 30 20 20 20 30 2E 31 32 31 0D 0A  371.0   0.121..
000331 01:34:23.250  20 33 37 30 2E 30 20 20 20 30 2E 31 32 31 0D 0A  370.0   0.121..
000332 01:34:23.265  20 33 36 39 2E 30 20 20 20 30 2E 31 32 31 0D 0A  369.0   0.121..
000333 01:34:23.281  20 33 36 38 2E 30 20 20 20 30 2E 31 32 31 0D 0A  368.0   0.121..
000334 01:34:23.296  20 33 36 37 2E 30 20 20 20 30 2E 31 32 32 0D 0A  367.0   0.122..
000335 01:34:23.312  20 33 36 36 2E 30 20 20 20 30 2E 31 32 32 0D 0A  366.0   0.122..
000336 01:34:23.328  20 33 36 35 2E 30 20 20 20 30 2E 31 32 33 0D 0A  365.0   0.123..
000337 01:34:23.359  20 33 36 34 2E 30 20 20 20 30 2E 31 32 33 0D 0A  364.0   0.123..
000338 01:34:23.375  20 33 36 33 2E 30 20 20 20 30 2E 31 32 34 0D 0A  363.0   0.124..
000339 01:34:23.390  20 33 36 32 2E 30 20 20 20 30 2E 31 32 33 0D 0A  362.0   0.123..
000340 01:34:23.406  20 33 36 31 2E 30 20 20 20 30 2E 31 32 35 0D 0A  361.0   0.125..
000341 01:34:23.421  20 33 36 30 2E 30 20 20 20 30 2E 31 32 35 0D 0A  360.0   0.125..
000342 01:34:23.437  20 33 35 39 2E 30 20 20 20 30 2E 31 32 35 0D 0A  359.0   0.125..
000343 01:34:23.453  20 33 35 38 2E 30 20 20 20 30 2E 31 32 36 0D 0A  358.0   0.126..
000344 01:34:23.484  20 33 35 37 2E 30 20 20 20 30 2E 31 32 36 0D 0A  357.0   0.126..
000345 01:34:23.500  20 33 35 36 2E 30 20 20 20 30 2E 31 32 37 0D 0A  356.0   0.127..
000346 01:34:23.500  20 33 35 35 2E 30 20 20 20 30 2E 31 32 37 0D 0A  355.0   0.127..
000347 01:34:23.515  20 33 35 34 2E 30 20 20 20 30 2E 31 32 38 0D 0A  354.0   0.128..
000348 01:34:23.531  20 33 35 33 2E 30 20 20 20 30 2E 31 32 39 0D 0A  353.0   0.129..
000349 01:34:23.546  20 33 35 32 2E 30 20 20 20 30 2E 31 33 30 0D 0A  352.0   0.130..
000350 01:34:23.578  20 33 35 31 2E 30 20 20 20 30 2E 31 33 30 0D 0A  351.0   0.130..
000351 01:34:23.593  20 33 35 30 2E 30 20 20 20 30 2E 31 33 30 0D 0A  350.0   0.130..
000352 01:34:23.609  20 33 34 39 2E 30 20 20 20 30 2E 31 33 31 0D 0A  349.0   0.131..
000353 01:34:23.625  20 33 34 38 2E 30 20 20 20 30 2E 31 33 32 0D 0A  348.0   0.132..
000354 01:34:23.640  20 33 34 37 2E 30 20 20 20 30 2E 31 33 33 0D 0A  347.0   0.133..
000355 01:34:23.656  20 33 34 36 2E 30 20 20 20 30 2E 31 33 34 0D 0A  346.0   0.134..
000356 01:34:23.671  20 33 34 35 2E 30 20 20 20 30 2E 31 33 35 0D 0A  345.0   0.135..
000357 01:34:23.687  20 33 34 34 2E 30 20 20 20 30 2E 31 33 35 0D 0A  344.0   0.135..
000358 01:34:23.718  20 33 34 33 2E 30 20 20 20 30 2E 31 33 36 0D 0A  343.0   0.136..
000359 01:34:23.734  20 33 34 32 2E 30 20 20 20 30 2E 31 33 37 0D 0A  342.0   0.137..
000360 01:34:23.750  20 33 34 31 2E 30 20 20 20 30 2E 31 33 39 0D 0A  341.0   0.139..
000361 01:34:23.765  20 33 34 30 2E 30 20 20 20 30 2E 31 34 35 0D 0A  340.0   0.145..
000362 01:34:23.765  20 33 33 39 2E 30 20 20 20 30 2E 31 34 35 0D 0A  339.0   0.145..
000363 01:34:23.796  20 33 33 38 2E 30 20 20 20 30 2E 31 34 36 0D 0A  338.0   0.146..
000364 01:34:23.796  20 33 33 37 2E 30 20 20 20 30 2E 31 34 38 0D 0A  337.0   0.148..
000365 01:34:23.828  20 33 33 36 2E 30 20 20 20 30 2E 31 34 39 0D 0A  336.0   0.149..
000366 01:34:23.843  20 33 33 35 2E 30 20 20 20 30 2E 31 35 30 0D 0A  335.0   0.150..
000367 01:34:23.859  20 33 33 34 2E 30 20 20 20 30 2E 31 35 31 0D 0A  334.0   0.151..
000368 01:34:23.875  20 33 33 33 2E 30 20 20 20 30 2E 31 35 33 0D 0A  333.0   0.153..
000369 01:34:23.890  20 33 33 32 2E 30 20 20 20 30 2E 31 35 34 0D 0A  332.0   0.154..
000370 01:34:23.906  20 33 33 31 2E 30 20 20 20 30 2E 31 35 35 0D 0A  331.0   0.155..
000371 01:34:23.921  20 33 33 30 2E 30 20 20 20 30 2E 31 35 36 0D 0A  330.0   0.156..
000372 01:34:23.953  20 33 32 39 2E 30 20 20 20 30 2E 31 35 38 0D 0A  329.0   0.158..
000373 01:34:23.968  20 33 32 38 2E 30 20 20 20 30 2E 31 35 39 0D 0A  328.0   0.159..
000374 01:34:23.984  20 33 32 37 2E 30 20 20 20 30 2E 31 36 30 0D 0A  327.0   0.160..
000375 01:34:24.000  20 33 32 36 2E 30 20 20 20 30 2E 31 36 32 0D 0A  326.0   0.162..
000376 01:34:24.015  20 33 32 35 2E 30 20 20 20 30 2E 31 36 33 0D 0A  325.0   0.163..
000377 01:34:24.031  20 33 32 34 2E 30 20 20 20 30 2E 31 36 35 0D 0A  324.0   0.165..
000378 01:34:24.031  20 33 32 33 2E 30 20 20 20 30 2E 31 36 37 0D 0A  323.0   0.167..
000379 01:34:24.062  20 33 32 32 2E 30 20 20 20 30 2E 31 36 39 0D 0A  322.0   0.169..
000380 01:34:24.078  20 33 32 31 2E 30 20 20 20 30 2E 31 37 30 0D 0A  321.0   0.170..
000381 01:34:24.093  20 33 32 30 2E 30 20 20 20 30 2E 31 37 32 0D 0A  320.0   0.172..
000382 01:34:24.109  20 33 31 39 2E 30 20 20 20 30 2E 31 37 33 0D 0A  319.0   0.173..
000383 01:34:24.125  20 33 31 38 2E 30 20 20 20 30 2E 31 37 36 0D 0A  318.0   0.176..
000384 01:34:24.140  20 33 31 37 2E 30 20 20 20 30 2E 31 37 37 0D 0A  317.0   0.177..
000385 01:34:24.156  20 33 31 36 2E 30 20 20 20 30 2E 31 38 30 0D 0A  316.0   0.180..
000386 01:34:24.187  20 33 31 35 2E 30 20 20 20 30 2E 31 38 33 0D 0A  315.0   0.183..
000387 01:34:24.203  20 33 31 34 2E 30 20 20 20 30 2E 31 38 36 0D 0A  314.0   0.186..
000388 01:34:24.218  20 33 31 33 2E 30 20 20 20 30 2E 31 39 30 0D 0A  313.0   0.190..
000389 01:34:24.234  20 33 31 32 2E 30 20 20 20 30 2E 31 39 34 0D 0A  312.0   0.194..
000390 01:34:24.265  20 33 31 31 2E 30 20 20 20 30 2E 32 30 30 0D 0A  311.0   0.200..
000391 01:34:24.265  20 33 31 30 2E 30 20 20 20 30 2E 32 30 36 0D 0A  310.0   0.206..
000392 01:34:24.281  20 33 30 39 2E 30 20 20 20 30 2E 32 31 34 0D 0A  309.0   0.214..
000393 01:34:24.296  20 33 30 38 2E 30 20 20 20 30 2E 32 32 32 0D 0A  308.0   0.222..
000394 01:34:24.312  20 33 30 37 2E 30 20 20 20 30 2E 32 33 35 0D 0A  307.0   0.235..
000395 01:34:24.328  20 33 30 36 2E 30 20 20 20 30 2E 32 35 39 0D 0A  306.0   0.259..
000396 01:34:24.343  20 33 30 35 2E 30 20 20 20 30 2E 32 37 33 0D 0A  305.0   0.273..
000397 01:34:24.359  20 33 30 34 2E 30 20 20 20 30 2E 32 39 35 0D 0A  304.0   0.295..
000398 01:34:24.375  20 33 30 33 2E 30 20 20 20 30 2E 33 32 34 0D 0A  303.0   0.324..
000399 01:34:24.390  20 33 30 32 2E 30 20 20 20 30 2E 33 36 30 0D 0A  302.0   0.360..
000400 01:34:24.421  20 33 30 31 2E 30 20 20 20 30 2E 34 30 30 0D 0A  301.0   0.400..
000401 01:34:24.437  20 33 30 30 2E 30 20 20 20 30 2E 34 34 37 0D 0A  300.0   0.447..
000402 01:34:24.453  20 32 39 39 2E 30 20 20 20 30 2E 35 30 35 0D 0A  299.0   0.505..
000403 01:34:24.468  20 32 39 38 2E 30 20 20 20 30 2E 35 37 33 0D 0A  298.0   0.573..
000404 01:34:24.484  20 32 39 37 2E 30 20 20 20 30 2E 36 34 36 0D 0A  297.0   0.646..
000405 01:34:24.500  20 32 39 36 2E 30 20 20 20 30 2E 37 33 33 0D 0A  296.0   0.733..
000406 01:34:24.515  20 32 39 35 2E 30 20 20 20 30 2E 38 33 39 0D 0A  295.0   0.839..
000407 01:34:24.546  20 32 39 34 2E 30 20 20 20 30 2E 39 36 36 0D 0A  294.0   0.966..
000408 01:34:24.546  20 32 39 33 2E 30 20 20 20 31 2E 30 39 34 0D 0A  293.0   1.094..
000409 01:34:24.578  20 32 39 32 2E 30 20 20 20 31 2E 32 33 35 0D 0A  292.0   1.235..
000410 01:34:24.578  20 32 39 31 2E 30 20 20 20 31 2E 33 38 36 0D 0A  291.0   1.386..
000411 01:34:24.593  20 32 39 30 2E 30 20 20 20 31 2E 35 33 38 0D 0A  290.0   1.538..
000412 01:34:24.609  20 32 38 39 2E 30 20 20 20 31 2E 36 37 30 0D 0A  289.0   1.670..
000413 01:34:24.625  20 32 38 38 2E 30 20 20 20 31 2E 38 30 33 0D 0A  288.0   1.803..
000414 01:34:24.656  20 32 38 37 2E 30 20 20 20 31 2E 39 34 35 0D 0A  287.0   1.945..
000415 01:34:24.687  20 32 38 36 2E 30 20 20 20 32 2E 30 38 36 0D 0A  286.0   2.086..
000416 01:34:24.687  20 32 38 35 2E 30 20 20 20 32 2E 32 32 32 0D 0A  285.0   2.222..
000417 01:34:24.703  20 32 38 34 2E 30 20 20 20 32 2E 33 33 39 0D 0A  284.0   2.339..
000418 01:34:24.718  20 32 38 33 2E 30 20 20 20 32 2E 34 35 38 0D 0A  283.0   2.458..
000419 01:34:24.734  20 32 38 32 2E 30 20 20 20 32 2E 35 34 35 0D 0A  282.0   2.545..
000420 01:34:24.750  20 32 38 31 2E 30 20 20 20 32 2E 35 39 37 0D 0A  281.0   2.597..
000421 01:34:24.781  20 32 38 30 2E 30 20 20 20 32 2E 36 32 38 0D 0A  280.0   2.628..
000422 01:34:24.796  20 32 37 39 2E 30 20 20 20 32 2E 36 33 32 0D 0A  279.0   2.632..
000423 01:34:24.812  20 32 37 38 2E 30 20 20 20 32 2E 36 36 35 0D 0A  278.0   2.665..
000424 01:34:24.812  20 32 37 37 2E 30 20 20 20 32 2E 36 36 39 0D 0A  277.0   2.669..
000425 01:34:24.828  20 32 37 36 2E 30 20 20 20 32 2E 36 37 35 0D 0A  276.0   2.675..
000426 01:34:24.843  20 32 37 35 2E 30 20 20 20 32 2E 36 35 33 0D 0A  275.0   2.653..
000427 01:34:24.859  20 32 37 34 2E 30 20 20 20 32 2E 36 30 39 0D 0A  274.0   2.609..
000428 01:34:24.890  20 32 37 33 2E 30 20 20 20 32 2E 35 39 32 0D 0A  273.0   2.592..
000429 01:34:24.906  20 32 37 32 2E 30 20 20 20 32 2E 35 33 37 0D 0A  272.0   2.537..
000430 01:34:24.921  20 32 37 31 2E 30 20 20 20 32 2E 34 35 37 0D 0A  271.0   2.457..
000431 01:34:24.937  20 32 37 30 2E 30 20 20 20 32 2E 34 32 30 0D 0A  270.0   2.420..
000432 01:34:24.953  20 32 36 39 2E 30 20 20 20 32 2E 33 36 33 0D 0A  269.0   2.363..
000433 01:34:24.968  20 32 36 38 2E 30 20 20 20 32 2E 32 39 36 0D 0A  268.0   2.296..
000434 01:34:24.984  20 32 36 37 2E 30 20 20 20 32 2E 32 32 34 0D 0A  267.0   2.224..
000435 01:34:25.015  20 32 36 36 2E 30 20 20 20 32 2E 31 34 34 0D 0A  266.0   2.144..
000436 01:34:25.031  20 32 36 35 2E 30 20 20 20 32 2E 30 38 30 0D 0A  265.0   2.080..
000437 01:34:25.046  20 32 36 34 2E 30 20 20 20 32 2E 30 30 34 0D 0A  264.0   2.004..
000438 01:34:25.062  20 32 36 33 2E 30 20 20 20 31 2E 39 33 32 0D 0A  263.0   1.932..
000439 01:34:25.078  20 32 36 32 2E 30 20 20 20 31 2E 38 36 39 0D 0A  262.0   1.869..
000440 01:34:25.078  20 32 36 31 2E 30 20 20 20 31 2E 38 30 36 0D 0A  261.0   1.806..
000441 01:34:25.093  20 32 36 30 2E 30 20 20 20 31 2E 37 34 38 0D 0A  260.0   1.748..
000442 01:34:25.125  20 32 35 39 2E 30 20 20 20 31 2E 36 39 31 0D 0A  259.0   1.691..
000443 01:34:25.140  20 32 35 38 2E 30 20 20 20 31 2E 36 33 39 0D 0A  258.0   1.639..
000444 01:34:25.156  20 32 35 37 2E 30 20 20 20 31 2E 35 39 31 0D 0A  257.0   1.591..
000445 01:34:25.171  20 32 35 36 2E 30 20 20 20 31 2E 35 35 31 0D 0A  256.0   1.551..
000446 01:34:25.187  20 32 35 35 2E 30 20 20 20 31 2E 35 31 36 0D 0A  255.0   1.516..
000447 01:34:25.203  20 32 35 34 2E 30 20 20 20 31 2E 34 39 30 0D 0A  254.0   1.490..
000448 01:34:25.218  20 32 35 33 2E 30 20 20 20 31 2E 34 38 33 0D 0A  253.0   1.483..
000449 01:34:25.250  20 32 35 32 2E 30 20 20 20 31 2E 34 37 37 0D 0A  252.0   1.477..
000450 01:34:25.265  20 32 35 31 2E 30 20 20 20 31 2E 34 38 39 0D 0A  251.0   1.489..
000451 01:34:25.281  20 32 35 30 2E 30 20 20 20 31 2E 35 30 37 0D 0A  250.0   1.507..
000452 01:34:25.296  20 32 34 39 2E 30 20 20 20 31 2E 35 33 39 0D 0A  249.0   1.539..
000453 01:34:25.312  20 32 34 38 2E 30 20 20 20 31 2E 35 39 30 0D 0A  248.0   1.590..
000454 01:34:25.328  20 32 34 37 2E 30 20 20 20 31 2E 36 35 36 0D 0A  247.0   1.656..
000455 01:34:25.343  20 32 34 36 2E 30 20 20 20 31 2E 37 34 34 0D 0A  246.0   1.744..
000456 01:34:25.359  20 32 34 35 2E 30 20 20 20 31 2E 38 35 37 0D 0A  245.0   1.857..
000457 01:34:25.375  20 32 34 34 2E 30 20 20 20 32 2E 30 30 31 0D 0A  244.0   2.001..
000458 01:34:25.390  20 32 34 33 2E 30 20 20 20 32 2E 31 37 34 0D 0A  243.0   2.174..
000459 01:34:25.406  20 32 34 32 2E 30 20 20 20 32 2E 33 39 33 0D 0A  242.0   2.393..
000460 01:34:25.421  20 32 34 31 2E 30 20 20 20 32 2E 36 30 34 0D 0A  241.0   2.604..
000461 01:34:25.437  20 32 34 30 2E 30 20 20 20 32 2E 39 31 30 0D 0A  240.0   2.910..
000462 01:34:25.468  20 32 33 39 2E 30 20 20 20 33 2E 33 31 33 0D 0A  239.0   3.313..
000463 01:34:25.484  20 32 33 38 2E 30 20 20 20 33 2E 36 31 37 0D 0A  238.0   3.617..
000464 01:34:25.500  20 32 33 37 2E 30 20 20 20 33 2E 36 31 38 0D 0A  237.0   3.618..
000465 01:34:25.515  20 32 33 36 2E 30 20 20 20 33 2E 36 31 38 0D 0A  236.0   3.618..
000466 01:34:25.531  20 32 33 35 2E 30 20 20 20 33 2E 36 31 35 0D 0A  235.0   3.615..
000467 01:34:25.546  20 32 33 34 2E 30 20 20 20 34 2E 30 30 30 0D 0A  234.0   4.000..
000468 01:34:25.562  20 32 33 33 2E 30 20 20 20 34 2E 30 30 30 0D 0A  233.0   4.000..
000469 01:34:25.578  20 32 33 32 2E 30 20 20 20 33 2E 35 39 39 0D 0A  232.0   3.599..
000470 01:34:25.609  20 32 33 31 2E 30 20 20 20 34 2E 30 30 30 0D 0A  231.0   4.000..
000471 01:34:25.609  20 32 33 30 2E 30 20 20 20 33 2E 35 38 32 0D 0A  230.0   3.582..
000472 01:34:25.625  20 32 32 39 2E 30 20 20 20 33 2E 35 37 34 0D 0A  229.0   3.574..
000473 01:34:25.640  20 32 32 38 2E 30 20 20 20 33 2E 35 36 34 0D 0A  228.0   3.564..
000474 01:34:25.656  20 32 32 37 2E 30 20 20 20 33 2E 35 35 35 0D 0A  227.0   3.555..
000475 01:34:25.671  20 32 32 36 2E 30 20 20 20 33 2E 35 34 36 0D 0A  226.0   3.546..
000476 01:34:25.687  20 32 32 35 2E 30 20 20 20 34 2E 30 30 30 0D 0A  225.0   4.000..
000477 01:34:25.718  20 32 32 34 2E 30 20 20 20 34 2E 30 30 30 0D 0A  224.0   4.000..
000478 01:34:25.734  20 32 32 33 2E 30 20 20 20 34 2E 30 30 30 0D 0A  223.0   4.000..
000479 01:34:25.750  20 32 32 32 2E 30 20 20 20 33 2E 35 30 38 0D 0A  222.0   3.508..
000480 01:34:25.765  20 32 32 31 2E 30 20 20 20 34 2E 30 30 30 0D 0A  221.0   4.000..
000481 01:34:25.781  20 32 32 30 2E 30 20 20 20 34 2E 30 30 30 0D 0A  220.0   4.000..
000482 01:34:25.796  20 32 31 39 2E 30 20 20 20 33 2E 34 37 38 0D 0A  219.0   3.478..
000483 01:34:25.812  20 32 31 38 2E 30 20 20 20 33 2E 34 36 36 0D 0A  218.0   3.466..
000484 01:34:25.843  20 32 31 37 2E 30 20 20 20 33 2E 34 35 33 0D 0A  217.0   3.453..
000485 01:34:25.859  20 32 31 36 2E 30 20 20 20 34 2E 30 30 30 0D 0A  216.0   4.000..
000486 01:34:25.859  20 32 31 35 2E 30 20 20 20 33 2E 34 32 36 0D 0A  215.0   3.426..
000487 01:34:25.875  20 32 31 34 2E 30 20 20 20 33 2E 34 30 38 0D 0A  214.0   3.408..
000488 01:34:25.890  20 32 31 33 2E 30 20 20 20 33 2E 36 39 33 0D 0A  213.0   3.693..
000489 01:34:25.921  20 32 31 32 2E 30 20 20 20 33 2E 36 37 35 0D 0A  212.0   3.675..
000490 01:34:25.921  20 32 31 31 2E 30 20 20 20 33 2E 36 35 34 0D 0A  211.0   3.654..
000491 01:34:25.953  20 32 31 30 2E 30 20 20 20 33 2E 39 33 31 0D 0A  210.0   3.931..
000492 01:34:25.968  20 32 30 39 2E 30 20 20 20 33 2E 36 30 32 0D 0A  209.0   3.602..
000493 01:34:25.984  20 32 30 38 2E 30 20 20 20 33 2E 35 37 35 0D 0A  208.0   3.575..
000494 01:34:26.000  20 32 30 37 2E 30 20 20 20 33 2E 35 34 34 0D 0A  207.0   3.544..
000495 01:34:26.015  20 32 30 36 2E 30 20 20 20 33 2E 35 30 39 0D 0A  206.0   3.509..
000496 01:34:26.031  20 32 30 35 2E 30 20 20 20 33 2E 34 37 31 0D 0A  205.0   3.471..
000497 01:34:26.046  20 32 30 34 2E 30 20 20 20 33 2E 34 33 32 0D 0A  204.0   3.432..
000498 01:34:26.078  20 32 30 33 2E 30 20 20 20 33 2E 33 38 39 0D 0A  203.0   3.389..
000499 01:34:26.093  20 32 30 32 2E 30 20 20 20 33 2E 33 34 31 0D 0A  202.0   3.341..
000500 01:34:26.109  20 32 30 31 2E 30 20 20 20 33 2E 32 38 39 0D 0A  201.0   3.289..
000501 01:34:26.125  20 32 30 30 2E 30 20 20 20 33 2E 32 33 39 0D 0A  200.0   3.239..
000502 01:34:26.125  20 31 39 39 2E 30 20 20 20 33 2E 31 38 34 0D 0A  199.0   3.184..
000503 01:34:26.140  20 31 39 38 2E 30 20 20 20 33 2E 31 32 37 0D 0A  198.0   3.127..
000504 01:34:26.156  20 31 39 37 2E 30 20 20 20 33 2E 31 39 30 0D 0A  197.0   3.190..
000505 01:34:26.187  20 31 39 36 2E 30 20 20 20 33 2E 31 33 34 0D 0A  196.0   3.134..
000506 01:34:26.203  20 31 39 35 2E 30 20 20 20 33 2E 30 37 33 0D 0A  195.0   3.073..
000507 01:34:26.218  20 31 39 34 2E 30 20 20 20 33 2E 30 30 32 0D 0A  194.0   3.002..
000508 01:34:26.234  20 31 39 33 2E 30 20 20 20 33 2E 30 30 39 0D 0A  193.0   3.009..
000509 01:34:26.265  20 31 39 32 2E 30 20 20 20 32 2E 38 34 37 0D 0A  192.0   2.847..
000510 01:34:26.265  20 31 39 31 2E 30 20 20 20 32 2E 38 32 37 0D 0A  191.0   2.827..
000511 01:34:26.281  20 31 39 30 2E 30 20 20 20 32 2E 36 33 30 0D 0A  190.0   2.630..
000512 01:34:26.296  1A                                              .
