000001 00:41:00.093  20 37 30 30 2E 30 20 20 20 30 2E 31 30 36 0D 0A  700.0   0.106..
000002 00:41:00.109  20 36 39 39 2E 30 20 20 20 30 2E 31 30 37 0D 0A  699.0   0.107..
000003 00:41:00.125  20 36 39 38 2E 30 20 20 20 30 2E 31 30 37 0D 0A  698.0   0.107..
000004 00:41:00.140  20 36 39 37 2E 30 20 20 20 30 2E 31 30 37 0D 0A  697.0   0.107..
000005 00:41:00.156  20 36 39 36 2E 30 20 20 20 30 2E 31 30 38 0D 0A  696.0   0.108..
000006 00:41:00.171  20 36 39 35 2E 30 20 20 20 30 2E 31 30 38 0D 0A  695.0   0.108..
000007 00:41:00.203  20 36 39 34 2E 30 20 20 20 30 2E 31 30 38 0D 0A  694.0   0.108..
000008 00:41:00.218  20 36 39 33 2E 30 20 20 20 30 2E 31 30 39 0D 0A  693.0   0.109..
000009 00:41:00.234  20 36 39 32 2E 30 20 20 20 30 2E 31 30 39 0D 0A  692.0   0.109..
000010 00:41:00.250  20 36 39 31 2E 30 20 20 20 30 2E 31 31 30 0D 0A  691.0   0.110..
000011 00:41:00.265  20 36 39 30 2E 30 20 20 20 30 2E 31 31 30 0D 0A  690.0   0.110..
000012 00:41:00.265  20 36 38 39 2E 30 20 20 20 30 2E 31 31 30 0D 0A  689.0   0.110..
000013 00:41:00.281  20 36 38 38 2E 30 20 20 20 30 2E 31 31 30 0D 0A  688.0   0.110..
000014 00:41:00.296  20 36 38 37 2E 30 20 20 20 30 2E 31 31 31 0D 0A  687.0   0.111..
000015 00:41:00.328  20 36 38 36 2E 30 20 20 20 30 2E 31 31 31 0D 0A  686.0   0.111..
000016 00:41:00.343  20 36 38 35 2E 30 20 20 20 30 2E 31 31 31 0D 0A  685.0   0.111..
000017 00:41:00.359  20 36 38 34 2E 30 20 20 20 30 2E 31 31 32 0D 0A  684.0   0.112..
000018 00:41:00.375  20 36 38 33 2E 30 20 20 20 30 2E 31 31 32 0D 0A  683.0   0.112..
000019 00:41:00.390  20 36 38 32 2E 30 20 20 20 30 2E 31 31 32 0D 0A  682.0   0.112..
000020 00:41:00.406  20 36 38 31 2E 30 20 20 20 30 2E 31 31 33 0D 0A  681.0   0.113..
000021 00:41:00.421  20 36 38 30 2E 30 20 20 20 30 2E 31 31 33 0D 0A  680.0   0.113..
000022 00:41:00.453  20 36 37 39 2E 30 20 20 20 30 2E 31 31 33 0D 0A  679.0   0.113..
000023 00:41:00.468  20 36 37 38 2E 30 20 20 20 30 2E 31 31 34 0D 0A  678.0   0.114..
000024 00:41:00.484  20 36 37 37 2E 30 20 20 20 30 2E 31 31 34 0D 0A  677.0   0.114..
000025 00:41:00.500  20 36 37 36 2E 30 20 20 20 30 2E 31 31 35 0D 0A  676.0   0.115..
000026 00:41:00.515  20 36 37 35 2E 30 20 20 20 30 2E 31 31 35 0D 0A  675.0   0.115..
000027 00:41:00.531  20 36 37 34 2E 30 20 20 20 30 2E 31 31 35 0D 0A  674.0   0.115..
000028 00:41:00.531  20 36 37 33 2E 30 20 20 20 30 2E 31 31 36 0D 0A  673.0   0.116..
000029 00:41:00.562  20 36 37 32 2E 30 20 20 20 30 2E 31 31 36 0D 0A  672.0   0.116..
000030 00:41:00.578  20 36 37 31 2E 30 20 20 20 30 2E 31 31 37 0D 0A  671.0   0.117..
000031 00:41:00.593  20 36 37 30 2E 30 20 20 20 30 2E 31 31 37 0D 0A  670.0   0.117..
000032 00:41:00.609  20 36 36 39 2E 30 20 20 20 30 2E 31 31 37 0D 0A  669.0   0.117..
000033 00:41:00.625  20 36 36 38 2E 30 20 20 20 30 2E 31 31 37 0D 0A  668.0   0.117..
000034 00:41:00.640  20 36 36 37 2E 30 20 20 20 30 2E 31 31 38 0D 0A  667.0   0.118..
000035 00:41:00.656  20 36 36 36 2E 30 20 20 20 30 2E 31 31 38 0D 0A  666.0   0.118..
000036 00:41:00.687  20 36 36 35 2E 30 20 20 20 30 2E 31 31 39 0D 0A  665.0   0.119..
000037 00:41:00.703  20 36 36 34 2E 30 20 20 20 30 2E 31 31 39 0D 0A  664.0   0.119..
000038 00:41:00.718  20 36 36 33 2E 30 20 20 20 30 2E 31 31 39 0D 0A  663.0   0.119..
000039 00:41:00.765  20 36 36 32 2E 30 20 20 20 30 2E 31 32 30 0D 0A  662.0   0.120..
000040 00:41:00.765  20 36 36 31 2E 30 20 20 20 30 2E 31 32 30 0D 0A  661.0   0.120..
000041 00:41:00.765  20 36 36 30 2E 30 20 20 20 30 2E 31 32 31 0D 0A  660.0   0.121..
000042 00:41:00.781  20 36 35 39 2E 30 20 20 20 30 2E 31 32 31 0D 0A  659.0   0.121..
000043 00:41:00.796  20 36 35 38 2E 30 20 20 20 30 2E 31 32 32 0D 0A  658.0   0.122..
000044 00:41:00.812  20 36 35 37 2E 30 20 20 20 30 2E 31 32 32 0D 0A  657.0   0.122..
000045 00:41:00.828  20 36 35 36 2E 30 20 20 20 30 2E 31 32 32 0D 0A  656.0   0.122..
000046 00:41:00.843  20 36 35 35 2E 30 20 20 20 30 2E 31 32 33 0D 0A  655.0   0.123..
000047 00:41:00.859  20 36 35 34 2E 30 20 20 20 30 2E 31 32 33 0D 0A  654.0   0.123..
000048 00:41:00.875  20 36 35 33 2E 30 20 20 20 30 2E 31 32 34 0D 0A  653.0   0.124..
000049 00:41:00.890  20 36 35 32 2E 30 20 20 20 30 2E 31 32 34 0D 0A  652.0   0.124..
000050 00:41:00.921  20 36 35 31 2E 30 20 20 20 30 2E 31 32 35 0D 0A  651.0   0.125..
000051 00:41:00.937  20 36 35 30 2E 30 20 20 20 30 2E 31 32 35 0D 0A  650.0   0.125..
000052 00:41:00.953  20 36 34 39 2E 30 20 20 20 30 2E 31 32 35 0D 0A  649.0   0.125..
000053 00:41:00.968  20 36 34 38 2E 30 20 20 20 30 2E 31 32 36 0D 0A  648.0   0.126..
000054 00:41:00.984  20 36 34 37 2E 30 20 20 20 30 2E 31 32 37 0D 0A  647.0   0.127..
000055 00:41:01.000  20 36 34 36 2E 30 20 20 20 30 2E 31 32 37 0D 0A  646.0   0.127..
000056 00:41:01.015  20 36 34 35 2E 30 20 20 20 30 2E 31 32 38 0D 0A  645.0   0.128..
000057 00:41:01.046  20 36 34 34 2E 30 20 20 20 30 2E 31 32 38 0D 0A  644.0   0.128..
000058 00:41:01.062  20 36 34 33 2E 30 20 20 20 30 2E 31 32 38 0D 0A  643.0   0.128..
000059 00:41:01.062  20 36 34 32 2E 30 20 20 20 30 2E 31 32 39 0D 0A  642.0   0.129..
000060 00:41:01.078  20 36 34 31 2E 30 20 20 20 30 2E 31 32 39 0D 0A  641.0   0.129..
000061 00:41:01.093  20 36 34 30 2E 30 20 20 20 30 2E 31 32 39 0D 0A  640.0   0.129..
000062 00:41:01.109  20 36 33 39 2E 30 20 20 20 30 2E 31 33 30 0D 0A  639.0   0.130..
000063 00:41:01.125  20 36 33 38 2E 30 20 20 20 30 2E 31 33 30 0D 0A  638.0   0.130..
000064 00:41:01.156  20 36 33 37 2E 30 20 20 20 30 2E 31 33 31 0D 0A  637.0   0.131..
000065 00:41:01.171  20 36 33 36 2E 30 20 20 20 30 2E 31 33 32 0D 0A  636.0   0.132..
000066 00:41:01.187  20 36 33 35 2E 30 20 20 20 30 2E 31 33 33 0D 0A  635.0   0.133..
000067 00:41:01.203  20 36 33 34 2E 30 20 20 20 30 2E 31 33 34 0D 0A  634.0   0.134..
000068 00:41:01.218  20 36 33 33 2E 30 20 20 20 30 2E 31 33 34 0D 0A  633.0   0.134..
000069 00:41:01.234  20 36 33 32 2E 30 20 20 20 30 2E 31 33 35 0D 0A  632.0   0.135..
000070 00:41:01.250  20 36 33 31 2E 30 20 20 20 30 2E 31 33 35 0D 0A  631.0   0.135..
000071 00:41:01.296  20 36 33 30 2E 30 20 20 20 30 2E 31 33 35 0D 0A  630.0   0.135..
000072 00:41:01.296  20 36 32 39 2E 30 20 20 20 30 2E 31 33 36 0D 0A  629.0   0.136..
000073 00:41:01.312  20 36 32 38 2E 30 20 20 20 30 2E 31 33 36 0D 0A  628.0   0.136..
000074 00:41:01.312  20 36 32 37 2E 30 20 20 20 30 2E 31 33 36 0D 0A  627.0   0.136..
000075 00:41:01.328  20 36 32 36 2E 30 20 20 20 30 2E 31 33 37 0D 0A  626.0   0.137..
000076 00:41:01.343  20 36 32 35 2E 30 20 20 20 30 2E 31 33 37 0D 0A  625.0   0.137..
000077 00:41:01.359  20 36 32 34 2E 30 20 20 20 30 2E 31 33 38 0D 0A  624.0   0.138..
000078 00:41:01.390  20 36 32 33 2E 30 20 20 20 30 2E 31 33 38 0D 0A  623.0   0.138..
000079 00:41:01.406  20 36 32 32 2E 30 20 20 20 30 2E 31 33 39 0D 0A  622.0   0.139..
000080 00:41:01.421  20 36 32 31 2E 30 20 20 20 30 2E 31 33 39 0D 0A  621.0   0.139..
000081 00:41:01.437  20 36 32 30 2E 30 20 20 20 30 2E 31 33 39 0D 0A  620.0   0.139..
000082 00:41:01.453  20 36 31 39 2E 30 20 20 20 30 2E 31 34 30 0D 0A  619.0   0.140..
000083 00:41:01.468  20 36 31 38 2E 30 20 20 20 30 2E 31 34 30 0D 0A  618.0   0.140..
000084 00:41:01.484  20 36 31 37 2E 30 20 20 20 30 2E 31 34 31 0D 0A  617.0   0.141..
000085 00:41:01.515  20 36 31 36 2E 30 20 20 20 30 2E 31 34 31 0D 0A  616.0   0.141..
000086 00:41:01.531  20 36 31 35 2E 30 20 20 20 30 2E 31 34 31 0D 0A  615.0   0.141..
000087 00:41:01.546  20 36 31 34 2E 30 20 20 20 30 2E 31 34 32 0D 0A  614.0   0.142..
000088 00:41:01.562  20 36 31 33 2E 30 20 20 20 30 2E 31 34 32 0D 0A  613.0   0.142..
000089 00:41:01.578  20 36 31 32 2E 30 20 20 20 30 2E 31 34 33 0D 0A  612.0   0.143..
000090 00:41:01.593  20 36 31 31 2E 30 20 20 20 30 2E 31 34 33 0D 0A  611.0   0.143..
000091 00:41:01.593  20 36 31 30 2E 30 20 20 20 30 2E 31 34 34 0D 0A  610.0   0.144..
000092 00:41:01.625  20 36 30 39 2E 30 20 20 20 30 2E 31 34 34 0D 0A  609.0   0.144..
000093 00:41:01.640  20 36 30 38 2E 30 20 20 20 30 2E 31 34 35 0D 0A  608.0   0.145..
000094 00:41:01.656  20 36 30 37 2E 30 20 20 20 30 2E 31 34 35 0D 0A  607.0   0.145..
000095 00:41:01.671  20 36 30 36 2E 30 20 20 20 30 2E 31 34 35 0D 0A  606.0   0.145..
000096 00:41:01.703  20 36 30 35 2E 30 20 20 20 30 2E 31 34 36 0D 0A  605.0   0.146..
000097 00:41:01.703  20 36 30 34 2E 30 20 20 20 30 2E 31 34 36 0D 0A  604.0   0.146..
000098 00:41:01.718  20 36 30 33 2E 30 20 20 20 30 2E 31 34 37 0D 0A  603.0   0.147..
000099 00:41:01.750  20 36 30 32 2E 30 20 20 20 30 2E 31 34 37 0D 0A  602.0   0.147..
000100 00:41:01.765  20 36 30 31 2E 30 20 20 20 30 2E 31 34 38 0D 0A  601.0   0.148..
000101 00:41:01.781  20 36 30 30 2E 30 20 20 20 30 2E 31 34 39 0D 0A  600.0   0.149..
000102 00:41:01.796  20 35 39 39 2E 30 20 20 20 30 2E 31 34 39 0D 0A  599.0   0.149..
000103 00:41:01.812  20 35 39 38 2E 30 20 20 20 30 2E 31 35 30 0D 0A  598.0   0.150..
000104 00:41:01.828  20 35 39 37 2E 30 20 20 20 30 2E 31 35 30 0D 0A  597.0   0.150..
000105 00:41:01.843  20 35 39 36 2E 30 20 20 20 30 2E 31 35 31 0D 0A  596.0   0.151..
000106 00:41:01.859  20 35 39 35 2E 30 20 20 20 30 2E 31 35 31 0D 0A  595.0   0.151..
000107 00:41:01.875  20 35 39 34 2E 30 20 20 20 30 2E 31 35 32 0D 0A  594.0   0.152..
000108 00:41:01.890  20 35 39 33 2E 30 20 20 20 30 2E 31 35 32 0D 0A  593.0   0.152..
000109 00:41:01.906  20 35 39 32 2E 30 20 20 20 30 2E 31 35 33 0D 0A  592.0   0.153..
000110 00:41:01.921  20 35 39 31 2E 30 20 20 20 30 2E 31 35 33 0D 0A  591.0   0.153..
000111 00:41:01.937  20 35 39 30 2E 30 20 20 20 30 2E 31 35 34 0D 0A  590.0   0.154..
000112 00:41:01.953  20 35 38 39 2E 30 20 20 20 30 2E 31 35 35 0D 0A  589.0   0.155..
000113 00:41:01.984  20 35 38 38 2E 30 20 20 20 30 2E 31 35 35 0D 0A  588.0   0.155..
000114 00:41:02.000  20 35 38 37 2E 30 20 20 20 30 2E 31 35 36 0D 0A  587.0   0.156..
000115 00:41:02.015  20 35 38 36 2E 30 20 20 20 30 2E 31 35 36 0D 0A  586.0   0.156..
000116 00:41:02.031  20 35 38 35 2E 30 20 20 20 30 2E 31 35 37 0D 0A  585.0   0.157..
000117 00:41:02.046  20 35 38 34 2E 30 20 20 20 30 2E 31 35 38 0D 0A  584.0   0.158..
000118 00:41:02.062  20 35 38 33 2E 30 20 20 20 30 2E 31 35 38 0D 0A  583.0   0.158..
000119 00:41:02.078  20 35 38 32 2E 30 20 20 20 30 2E 31 35 39 0D 0A  582.0   0.159..
000120 00:41:02.109  20 35 38 31 2E 30 20 20 20 30 2E 31 36 30 0D 0A  581.0   0.160..
000121 00:41:02.109  20 35 38 30 2E 30 20 20 20 30 2E 31 36 31 0D 0A  580.0   0.161..
000122 00:41:02.125  20 35 37 39 2E 30 20 20 20 30 2E 31 36 32 0D 0A  579.0   0.162..
000123 00:41:02.140  20 35 37 38 2E 30 20 20 20 30 2E 31 36 32 0D 0A  578.0   0.162..
000124 00:41:02.156  20 35 37 37 2E 30 20 20 20 30 2E 31 36 33 0D 0A  577.0   0.163..
000125 00:41:02.171  20 35 37 36 2E 30 20 20 20 30 2E 31 36 34 0D 0A  576.0   0.164..
000126 00:41:02.187  20 35 37 35 2E 30 20 20 20 30 2E 31 36 34 0D 0A  575.0   0.164..
000127 00:41:02.218  20 35 37 34 2E 30 20 20 20 30 2E 31 36 35 0D 0A  574.0   0.165..
000128 00:41:02.234  20 35 37 33 2E 30 20 20 20 30 2E 31 36 35 0D 0A  573.0   0.165..
000129 00:41:02.250  20 35 37 32 2E 30 20 20 20 30 2E 31 36 36 0D 0A  572.0   0.166..
000130 00:41:02.265  20 35 37 31 2E 30 20 20 20 30 2E 31 36 36 0D 0A  571.0   0.166..
000131 00:41:02.281  20 35 37 30 2E 30 20 20 20 30 2E 31 36 37 0D 0A  570.0   0.167..
000132 00:41:02.296  20 35 36 39 2E 30 20 20 20 30 2E 31 36 37 0D 0A  569.0   0.167..
000133 00:41:02.312  20 35 36 38 2E 30 20 20 20 30 2E 31 36 38 0D 0A  568.0   0.168..
000134 00:41:02.359  20 35 36 37 2E 30 20 20 20 30 2E 31 36 38 0D 0A  567.0   0.168..
000135 00:41:02.359  20 35 36 36 2E 30 20 20 20 30 2E 31 36 39 0D 0A  566.0   0.169..
000136 00:41:02.375  20 35 36 35 2E 30 20 20 20 30 2E 31 37 30 0D 0A  565.0   0.170..
000137 00:41:02.375  20 35 36 34 2E 30 20 20 20 30 2E 31 37 30 0D 0A  564.0   0.170..
000138 00:41:02.390  20 35 36 33 2E 30 20 20 20 30 2E 31 37 31 0D 0A  563.0   0.171..
000139 00:41:02.406  20 35 36 32 2E 30 20 20 20 30 2E 31 37 31 0D 0A  562.0   0.171..
000140 00:41:02.421  20 35 36 31 2E 30 20 20 20 30 2E 31 37 32 0D 0A  561.0   0.172..
000141 00:41:02.453  20 35 36 30 2E 30 20 20 20 30 2E 31 37 32 0D 0A  560.0   0.172..
000142 00:41:02.484  20 35 35 39 2E 30 20 20 20 30 2E 31 37 33 0D 0A  559.0   0.173..
000143 00:41:02.484  20 35 35 38 2E 30 20 20 20 30 2E 31 37 33 0D 0A  558.0   0.173..
000144 00:41:02.500  20 35 35 37 2E 30 20 20 20 30 2E 31 37 34 0D 0A  557.0   0.174..
000145 00:41:02.515  20 35 35 36 2E 30 20 20 20 30 2E 31 37 35 0D 0A  556.0   0.175..
000146 00:41:02.531  20 35 35 35 2E 30 20 20 20 30 2E 31 37 36 0D 0A  555.0   0.176..
000147 00:41:02.546  20 35 35 34 2E 30 20 20 20 30 2E 31 37 36 0D 0A  554.0   0.176..
000148 00:41:02.578  20 35 35 33 2E 30 20 20 20 30 2E 31 37 37 0D 0A  553.0   0.177..
000149 00:41:02.593  20 35 35 32 2E 30 20 20 20 30 2E 31 37 38 0D 0A  552.0   0.178..
000150 00:41:02.609  20 35 35 31 2E 30 20 20 20 30 2E 31 37 39 0D 0A  551.0   0.179..
000151 00:41:02.625  20 35 35 30 2E 30 20 20 20 30 2E 31 37 39 0D 0A  550.0   0.179..
000152 00:41:02.625  20 35 34 39 2E 30 20 20 20 30 2E 31 38 30 0D 0A  549.0   0.180..
000153 00:41:02.640  20 35 34 38 2E 30 20 20 20 30 2E 31 38 31 0D 0A  548.0   0.181..
000154 00:41:02.671  20 35 34 37 2E 30 20 20 20 30 2E 31 38 32 0D 0A  547.0   0.182..
000155 00:41:02.687  20 35 34 36 2E 30 20 20 20 30 2E 31 38 32 0D 0A  546.0   0.182..
000156 00:41:02.703  20 35 34 35 2E 30 20 20 20 30 2E 31 38 34 0D 0A  545.0   0.184..
000157 00:41:02.718  20 35 34 34 2E 30 20 20 20 30 2E 31 38 34 0D 0A  544.0   0.184..
000158 00:41:02.734  20 35 34 33 2E 30 20 20 20 30 2E 31 38 35 0D 0A  543.0   0.185..
000159 00:41:02.750  20 35 34 32 2E 30 20 20 20 30 2E 31 38 36 0D 0A  542.0   0.186..
000160 00:41:02.765  20 35 34 31 2E 30 20 20 20 30 2E 31 38 37 0D 0A  541.0   0.187..
000161 00:41:02.781  20 35 34 30 2E 30 20 20 20 30 2E 31 38 38 0D 0A  540.0   0.188..
000162 00:41:02.812  20 35 33 39 2E 30 20 20 20 30 2E 31 38 39 0D 0A  539.0   0.189..
000163 00:41:02.828  20 35 33 38 2E 30 20 20 20 30 2E 31 39 30 0D 0A  538.0   0.190..
000164 00:41:02.843  20 35 33 37 2E 30 20 20 20 30 2E 31 39 31 0D 0A  537.0   0.191..
000165 00:41:02.859  20 35 33 36 2E 30 20 20 20 30 2E 31 38 39 0D 0A  536.0   0.189..
000166 00:41:02.875  20 35 33 35 2E 30 20 20 20 30 2E 31 39 30 0D 0A  535.0   0.190..
000167 00:41:02.890  20 35 33 34 2E 30 20 20 20 30 2E 31 39 30 0D 0A  534.0   0.190..
000168 00:41:02.890  20 35 33 33 2E 30 20 20 20 30 2E 31 39 31 0D 0A  533.0   0.191..
000169 00:41:02.921  20 35 33 32 2E 30 20 20 20 30 2E 31 39 32 0D 0A  532.0   0.192..
000170 00:41:02.937  20 35 33 31 2E 30 20 20 20 30 2E 31 39 32 0D 0A  531.0   0.192..
000171 00:41:02.953  20 35 33 30 2E 30 20 20 20 30 2E 31 39 33 0D 0A  530.0   0.193..
000172 00:41:02.968  20 35 32 39 2E 30 20 20 20 30 2E 31 39 34 0D 0A  529.0   0.194..
000173 00:41:03.000  20 35 32 38 2E 30 20 20 20 30 2E 31 39 34 0D 0A  528.0   0.194..
000174 00:41:03.031  20 35 32 37 2E 30 20 20 20 30 2E 31 39 35 0D 0A  527.0   0.195..
000175 00:41:03.031  20 35 32 36 2E 30 20 20 20 30 2E 31 39 35 0D 0A  526.0   0.195..
000176 00:41:03.046  20 35 32 35 2E 30 20 20 20 30 2E 31 39 36 0D 0A  525.0   0.196..
000177 00:41:03.062  20 35 32 34 2E 30 20 20 20 30 2E 31 39 37 0D 0A  524.0   0.197..
000178 00:41:03.078  20 35 32 33 2E 30 20 20 20 30 2E 31 39 38 0D 0A  523.0   0.198..
000179 00:41:03.093  20 35 32 32 2E 30 20 20 20 30 2E 31 39 38 0D 0A  522.0   0.198..
000180 00:41:03.109  20 35 32 31 2E 30 20 20 20 30 2E 31 39 39 0D 0A  521.0   0.199..
000181 00:41:03.125  20 35 32 30 2E 30 20 20 20 30 2E 32 30 30 0D 0A  520.0   0.200..
000182 00:41:03.140  20 35 31 39 2E 30 20 20 20 30 2E 32 30 31 0D 0A  519.0   0.201..
000183 00:41:03.156  20 35 31 38 2E 30 20 20 20 30 2E 32 30 31 0D 0A  518.0   0.201..
000184 00:41:03.171  20 35 31 37 2E 30 20 20 20 30 2E 32 30 32 0D 0A  517.0   0.202..
000185 00:41:03.187  20 35 31 36 2E 30 20 20 20 30 2E 32 30 33 0D 0A  516.0   0.203..
000186 00:41:03.218  20 35 31 35 2E 30 20 20 20 30 2E 32 30 33 0D 0A  515.0   0.203..
000187 00:41:03.218  20 35 31 34 2E 30 20 20 20 30 2E 32 30 34 0D 0A  514.0   0.204..
000188 00:41:03.234  20 35 31 33 2E 30 20 20 20 30 2E 32 30 35 0D 0A  513.0   0.205..
000189 00:41:03.250  20 35 31 32 2E 30 20 20 20 30 2E 32 30 36 0D 0A  512.0   0.206..
000190 00:41:03.281  20 35 31 31 2E 30 20 20 20 30 2E 32 30 37 0D 0A  511.0   0.207..
000191 00:41:03.296  20 35 31 30 2E 30 20 20 20 30 2E 32 30 38 0D 0A  510.0   0.208..
000192 00:41:03.312  20 35 30 39 2E 30 20 20 20 30 2E 32 30 38 0D 0A  509.0   0.208..
000193 00:41:03.328  20 35 30 38 2E 30 20 20 20 30 2E 32 30 39 0D 0A  508.0   0.209..
000194 00:41:03.343  20 35 30 37 2E 30 20 20 20 30 2E 32 31 30 0D 0A  507.0   0.210..
000195 00:41:03.359  20 35 30 36 2E 30 20 20 20 30 2E 32 31 31 0D 0A  506.0   0.211..
000196 00:41:03.375  20 35 30 35 2E 30 20 20 20 30 2E 32 31 32 0D 0A  505.0   0.212..
000197 00:41:03.406  20 35 30 34 2E 30 20 20 20 30 2E 32 31 32 0D 0A  504.0   0.212..
000198 00:41:03.421  20 35 30 33 2E 30 20 20 20 30 2E 32 31 33 0D 0A  503.0   0.213..
000199 00:41:03.421  20 35 30 32 2E 30 20 20 20 30 2E 32 31 34 0D 0A  502.0   0.214..
000200 00:41:03.437  20 35 30 31 2E 30 20 20 20 30 2E 32 31 35 0D 0A  501.0   0.215..
000201 00:41:03.453  20 35 30 30 2E 30 20 20 20 30 2E 32 31 36 0D 0A  500.0   0.216..
000202 00:41:03.468  20 34 39 39 2E 30 20 20 20 30 2E 32 31 36 0D 0A  499.0   0.216..
000203 00:41:03.484  20 34 39 38 2E 30 20 20 20 30 2E 32 31 37 0D 0A  498.0   0.217..
000204 00:41:03.515  20 34 39 37 2E 30 20 20 20 30 2E 32 31 39 0D 0A  497.0   0.219..
000205 00:41:03.531  20 34 39 36 2E 30 20 20 20 30 2E 32 31 39 0D 0A  496.0   0.219..
000206 00:41:03.562  20 34 39 35 2E 30 20 20 20 30 2E 32 31 39 0D 0A  495.0   0.219..
000207 00:41:03.562  20 34 39 34 2E 30 20 20 20 30 2E 32 32 31 0D 0A  494.0   0.221..
000208 00:41:03.578  20 34 39 33 2E 30 20 20 20 30 2E 32 32 31 0D 0A  493.0   0.221..
000209 00:41:03.593  20 34 39 32 2E 30 20 20 20 30 2E 32 32 32 0D 0A  492.0   0.222..
000210 00:41:03.609  20 34 39 31 2E 30 20 20 20 30 2E 32 32 33 0D 0A  491.0   0.223..
000211 00:41:03.640  20 34 39 30 2E 30 20 20 20 30 2E 32 32 34 0D 0A  490.0   0.224..
000212 00:41:03.656  20 34 38 39 2E 30 20 20 20 30 2E 32 32 34 0D 0A  489.0   0.224..
000213 00:41:03.671  20 34 38 38 2E 30 20 20 20 30 2E 32 32 36 0D 0A  488.0   0.226..
000214 00:41:03.687  20 34 38 37 2E 30 20 20 20 30 2E 32 32 37 0D 0A  487.0   0.227..
000215 00:41:03.687  20 34 38 36 2E 30 20 20 20 30 2E 32 32 38 0D 0A  486.0   0.228..
000216 00:41:03.703  20 34 38 35 2E 30 20 20 20 30 2E 32 32 38 0D 0A  485.0   0.228..
000217 00:41:03.718  20 34 38 34 2E 30 20 20 20 30 2E 32 32 39 0D 0A  484.0   0.229..
000218 00:41:03.750  20 34 38 33 2E 30 20 20 20 30 2E 32 33 30 0D 0A  483.0   0.230..
000219 00:41:03.765  20 34 38 32 2E 30 20 20 20 30 2E 32 33 31 0D 0A  482.0   0.231..
000220 00:41:03.781  20 34 38 31 2E 30 20 20 20 30 2E 32 33 32 0D 0A  481.0   0.232..
000221 00:41:03.796  20 34 38 30 2E 30 20 20 20 30 2E 32 33 33 0D 0A  480.0   0.233..
000222 00:41:03.812  20 34 37 39 2E 30 20 20 20 30 2E 32 33 34 0D 0A  479.0   0.234..
000223 00:41:03.828  20 34 37 38 2E 30 20 20 20 30 2E 32 33 35 0D 0A  478.0   0.235..
000224 00:41:03.843  20 34 37 37 2E 30 20 20 20 30 2E 32 33 36 0D 0A  477.0   0.236..
000225 00:41:03.875  20 34 37 36 2E 30 20 20 20 30 2E 32 33 37 0D 0A  476.0   0.237..
000226 00:41:03.890  20 34 37 35 2E 30 20 20 20 30 2E 32 33 38 0D 0A  475.0   0.238..
000227 00:41:03.906  20 34 37 34 2E 30 20 20 20 30 2E 32 33 38 0D 0A  474.0   0.238..
000228 00:41:03.921  20 34 37 33 2E 30 20 20 20 30 2E 32 34 30 0D 0A  473.0   0.240..
000229 00:41:03.937  20 34 37 32 2E 30 20 20 20 30 2E 32 34 30 0D 0A  472.0   0.240..
000230 00:41:03.937  20 34 37 31 2E 30 20 20 20 30 2E 32 34 31 0D 0A  471.0   0.241..
000231 00:41:03.953  20 34 37 30 2E 30 20 20 20 30 2E 32 34 33 0D 0A  470.0   0.243..
000232 00:41:03.984  20 34 36 39 2E 30 20 20 20 30 2E 32 34 34 0D 0A  469.0   0.244..
000233 00:41:04.000  20 34 36 38 2E 30 20 20 20 30 2E 32 34 35 0D 0A  468.0   0.245..
000234 00:41:04.015  20 34 36 37 2E 30 20 20 20 30 2E 32 34 36 0D 0A  467.0   0.246..
000235 00:41:04.031  20 34 36 36 2E 30 20 20 20 30 2E 32 34 37 0D 0A  466.0   0.247..
000236 00:41:04.046  20 34 36 35 2E 30 20 20 20 30 2E 32 34 38 0D 0A  465.0   0.248..
000237 00:41:04.062  20 34 36 34 2E 30 20 20 20 30 2E 32 34 39 0D 0A  464.0   0.249..
000238 00:41:04.078  20 34 36 33 2E 30 20 20 20 30 2E 32 35 30 0D 0A  463.0   0.250..
000239 00:41:04.109  20 34 36 32 2E 30 20 20 20 30 2E 32 35 31 0D 0A  462.0   0.251..
000240 00:41:04.125  20 34 36 31 2E 30 20 20 20 30 2E 32 35 32 0D 0A  461.0   0.252..
000241 00:41:04.140  20 34 36 30 2E 30 20 20 20 30 2E 32 35 33 0D 0A  460.0   0.253..
000242 00:41:04.156  20 34 35 39 2E 30 20 20 20 30 2E 32 35 34 0D 0A  459.0   0.254..
000243 00:41:04.171  20 34 35 38 2E 30 20 20 20 30 2E 32 35 36 0D 0A  458.0   0.256..
000244 00:41:04.187  20 34 35 37 2E 30 20 20 20 30 2E 32 35 37 0D 0A  457.0   0.257..
000245 00:41:04.203  20 34 35 36 2E 30 20 20 20 30 2E 32 35 38 0D 0A  456.0   0.258..
000246 00:41:04.218  20 34 35 35 2E 30 20 20 20 30 2E 32 36 30 0D 0A  455.0   0.260..
000247 00:41:04.234  20 34 35 34 2E 30 20 20 20 30 2E 32 36 31 0D 0A  454.0   0.261..
000248 00:41:04.250  20 34 35 33 2E 30 20 20 20 30 2E 32 36 33 0D 0A  453.0   0.263..
000249 00:41:04.265  20 34 35 32 2E 30 20 20 20 30 2E 32 36 34 0D 0A  452.0   0.264..
000250 00:41:04.281  20 34 35 31 2E 30 20 20 20 30 2E 32 36 35 0D 0A  451.0   0.265..
000251 00:41:04.296  20 34 35 30 2E 30 20 20 20 30 2E 32 36 37 0D 0A  450.0   0.267..
000252 00:41:04.312  20 34 34 39 2E 30 20 20 20 30 2E 32 36 38 0D 0A  449.0   0.268..
000253 00:41:04.343  20 34 34 38 2E 30 20 20 20 30 2E 32 37 30 0D 0A  448.0   0.270..
000254 00:41:04.359  20 34 34 37 2E 30 20 20 20 30 2E 32 37 31 0D 0A  447.0   0.271..
000255 00:41:04.375  20 34 34 36 2E 30 20 20 20 30 2E 32 37 33 0D 0A  446.0   0.273..
000256 00:41:04.390  20 34 34 35 2E 30 20 20 20 30 2E 32 37 35 0D 0A  445.0   0.275..
000257 00:41:04.406  20 34 34 34 2E 30 20 20 20 30 2E 32 37 36 0D 0A  444.0   0.276..
000258 00:41:04.421  20 34 34 33 2E 30 20 20 20 30 2E 32 37 37 0D 0A  443.0   0.277..
000259 00:41:04.437  20 34 34 32 2E 30 20 20 20 30 2E 32 37 39 0D 0A  442.0   0.279..
000260 00:41:04.468  20 34 34 31 2E 30 20 20 20 30 2E 32 38 31 0D 0A  441.0   0.281..
000261 00:41:04.468  20 34 34 30 2E 30 20 20 20 30 2E 32 38 32 0D 0A  440.0   0.282..
000262 00:41:04.484  20 34 33 39 2E 30 20 20 20 30 2E 32 38 34 0D 0A  439.0   0.284..
000263 00:41:04.500  20 34 33 38 2E 30 20 20 20 30 2E 32 38 36 0D 0A  438.0   0.286..
000264 00:41:04.515  20 34 33 37 2E 30 20 20 20 30 2E 32 38 38 0D 0A  437.0   0.288..
000265 00:41:04.531  20 34 33 36 2E 30 20 20 20 30 2E 32 39 30 0D 0A  436.0   0.290..
000266 00:41:04.546  20 34 33 35 2E 30 20 20 20 30 2E 32 39 32 0D 0A  435.0   0.292..
000267 00:41:04.578  20 34 33 34 2E 30 20 20 20 30 2E 32 39 34 0D 0A  434.0   0.294..
000268 00:41:04.593  20 34 33 33 2E 30 20 20 20 30 2E 32 39 37 0D 0A  433.0   0.297..
000269 00:41:04.609  20 34 33 32 2E 30 20 20 20 30 2E 32 39 39 0D 0A  432.0   0.299..
000270 00:41:04.625  20 34 33 31 2E 30 20 20 20 30 2E 33 30 32 0D 0A  431.0   0.302..
000271 00:41:04.656  20 34 33 30 2E 30 20 20 20 30 2E 33 30 35 0D 0A  430.0   0.305..
000272 00:41:04.656  20 34 32 39 2E 30 20 20 20 30 2E 33 30 38 0D 0A  429.0   0.308..
000273 00:41:04.671  20 34 32 38 2E 30 20 20 20 30 2E 33 31 31 0D 0A  428.0   0.311..
000274 00:41:04.703  20 34 32 37 2E 30 20 20 20 30 2E 33 31 35 0D 0A  427.0   0.315..
000275 00:41:04.718  20 34 32 36 2E 30 20 20 20 30 2E 33 31 38 0D 0A  426.0   0.318..
000276 00:41:04.734  20 34 32 35 2E 30 20 20 20 30 2E 33 32 33 0D 0A  425.0   0.323..
000277 00:41:04.734  20 34 32 34 2E 30 20 20 20 30 2E 33 32 37 0D 0A  424.0   0.327..
000278 00:41:04.750  20 34 32 33 2E 30 20 20 20 30 2E 33 33 31 0D 0A  423.0   0.331..
000279 00:41:04.765  20 34 32 32 2E 30 20 20 20 30 2E 33 33 36 0D 0A  422.0   0.336..
000280 00:41:04.781  20 34 32 31 2E 30 20 20 20 30 2E 33 34 31 0D 0A  421.0   0.341..
000281 00:41:04.812  20 34 32 30 2E 30 20 20 20 30 2E 33 34 36 0D 0A  420.0   0.346..
000282 00:41:04.828  20 34 31 39 2E 30 20 20 20 30 2E 33 35 31 0D 0A  419.0   0.351..
000283 00:41:04.843  20 34 31 38 2E 30 20 20 20 30 2E 33 35 37 0D 0A  418.0   0.357..
000284 00:41:04.859  20 34 31 37 2E 30 20 20 20 30 2E 33 36 34 0D 0A  417.0   0.364..
000285 00:41:04.875  20 34 31 36 2E 30 20 20 20 30 2E 33 37 30 0D 0A  416.0   0.370..
000286 00:41:04.890  20 34 31 35 2E 30 20 20 20 30 2E 33 37 34 0D 0A  415.0   0.374..
000287 00:41:04.906  20 34 31 34 2E 30 20 20 20 30 2E 33 38 30 0D 0A  414.0   0.380..
000288 00:41:04.937  20 34 31 33 2E 30 20 20 20 30 2E 33 38 36 0D 0A  413.0   0.386..
000289 00:41:04.953  20 34 31 32 2E 30 20 20 20 30 2E 33 39 32 0D 0A  412.0   0.392..
000290 00:41:04.968  20 34 31 31 2E 30 20 20 20 30 2E 33 39 37 0D 0A  411.0   0.397..
000291 00:41:04.984  20 34 31 30 2E 30 20 20 20 30 2E 34 30 32 0D 0A  410.0   0.402..
000292 00:41:04.984  20 34 30 39 2E 30 20 20 20 30 2E 34 30 37 0D 0A  409.0   0.407..
000293 00:41:05.000  20 34 30 38 2E 30 20 20 20 30 2E 34 31 31 0D 0A  408.0   0.411..
000294 00:41:05.015  20 34 30 37 2E 30 20 20 20 30 2E 34 31 34 0D 0A  407.0   0.414..
000295 00:41:05.046  20 34 30 36 2E 30 20 20 20 30 2E 34 31 36 0D 0A  406.0   0.416..
000296 00:41:05.062  20 34 30 35 2E 30 20 20 20 30 2E 34 31 38 0D 0A  405.0   0.418..
000297 00:41:05.078  20 34 30 34 2E 30 20 20 20 30 2E 34 31 38 0D 0A  404.0   0.418..
000298 00:41:05.093  20 34 30 33 2E 30 20 20 20 30 2E 34 31 38 0D 0A  403.0   0.418..
000299 00:41:05.109  20 34 30 32 2E 30 20 20 20 30 2E 34 31 37 0D 0A  402.0   0.417..
000300 00:41:05.125  20 34 30 31 2E 30 20 20 20 30 2E 34 31 37 0D 0A  401.0   0.417..
000301 00:41:05.140  20 34 30 30 2E 30 20 20 20 30 2E 34 31 35 0D 0A  400.0   0.415..
000302 00:41:05.171  20 33 39 39 2E 30 20 20 20 30 2E 34 31 33 0D 0A  399.0   0.413..
000303 00:41:05.187  20 33 39 38 2E 30 20 20 20 30 2E 34 31 31 0D 0A  398.0   0.411..
000304 00:41:05.203  20 33 39 37 2E 30 20 20 20 30 2E 34 30 39 0D 0A  397.0   0.409..
000305 00:41:05.218  20 33 39 36 2E 30 20 20 20 30 2E 34 30 38 0D 0A  396.0   0.408..
000306 00:41:05.234  20 33 39 35 2E 30 20 20 20 30 2E 34 30 36 0D 0A  395.0   0.406..
000307 00:41:05.250  20 33 39 34 2E 30 20 20 20 30 2E 34 30 35 0D 0A  394.0   0.405..
000308 00:41:05.250  20 33 39 33 2E 30 20 20 20 30 2E 34 30 33 0D 0A  393.0   0.403..
000309 00:41:05.281  20 33 39 32 2E 30 20 20 20 30 2E 34 30 32 0D 0A  392.0   0.402..
000310 00:41:05.312  20 33 39 31 2E 30 20 20 20 30 2E 34 30 32 0D 0A  391.0   0.402..
000311 00:41:05.312  20 33 39 30 2E 30 20 20 20 30 2E 34 30 31 0D 0A  390.0   0.401..
000312 00:41:05.328  20 33 38 39 2E 30 20 20 20 30 2E 34 30 31 0D 0A  389.0   0.401..
000313 00:41:05.343  20 33 38 38 2E 30 20 20 20 30 2E 34 30 30 0D 0A  388.0   0.400..
000314 00:41:05.359  20 33 38 37 2E 30 20 20 20 30 2E 34 30 30 0D 0A  387.0   0.400..
000315 00:41:05.375  20 33 38 36 2E 30 20 20 20 30 2E 34 30 31 0D 0A  386.0   0.401..
000316 00:41:05.406  20 33 38 35 2E 30 20 20 20 30 2E 34 30 31 0D 0A  385.0   0.401..
000317 00:41:05.421  20 33 38 34 2E 30 20 20 20 30 2E 34 30 31 0D 0A  384.0   0.401..
000318 00:41:05.437  20 33 38 33 2E 30 20 20 20 30 2E 34 30 31 0D 0A  383.0   0.401..
000319 00:41:05.453  20 33 38 32 2E 30 20 20 20 30 2E 34 30 32 0D 0A  382.0   0.402..
000320 00:41:05.468  20 33 38 31 2E 30 20 20 20 30 2E 34 30 32 0D 0A  381.0   0.402..
000321 00:41:05.484  20 33 38 30 2E 30 20 20 20 30 2E 34 30 33 0D 0A  380.0   0.403..
000322 00:41:05.500  20 33 37 39 2E 30 20 20 20 30 2E 34 30 34 0D 0A  379.0   0.404..
000323 00:41:05.515  20 33 37 38 2E 30 20 20 20 30 2E 34 30 35 0D 0A  378.0   0.405..
000324 00:41:05.531  20 33 37 37 2E 30 20 20 20 30 2E 34 30 36 0D 0A  377.0   0.406..
000325 00:41:05.546  20 33 37 36 2E 30 20 20 20 30 2E 34 30 36 0D 0A  376.0   0.406..
000326 00:41:05.562  20 33 37 35 2E 30 20 20 20 30 2E 34 30 38 0D 0A  375.0   0.408..
000327 00:41:05.578  20 33 37 34 2E 30 20 20 20 30 2E 34 30 38 0D 0A  374.0   0.408..
000328 00:41:05.593  20 33 37 33 2E 30 20 20 20 30 2E 34 31 30 0D 0A  373.0   0.410..
000329 00:41:05.609  20 33 37 32 2E 30 20 20 20 30 2E 34 31 31 0D 0A  372.0   0.411..
000330 00:41:05.640  20 33 37 31 2E 30 20 20 20 30 2E 34 31 32 0D 0A  371.0   0.412..
000331 00:41:05.656  20 33 37 30 2E 30 20 20 20 30 2E 34 31 34 0D 0A  370.0   0.414..
000332 00:41:05.671  20 33 36 39 2E 30 20 20 20 30 2E 34 31 36 0D 0A  369.0   0.416..
000333 00:41:05.687  20 33 36 38 2E 30 20 20 20 30 2E 34 31 37 0D 0A  368.0   0.417..
000334 00:41:05.703  20 33 36 37 2E 30 20 20 20 30 2E 34 32 30 0D 0A  367.0   0.420..
000335 00:41:05.750  20 33 36 36 2E 30 20 20 20 30 2E 34 32 31 0D 0A  366.0   0.421..
000336 00:41:05.750  20 33 36 35 2E 30 20 20 20 30 2E 34 31 39 0D 0A  365.0   0.419..
000337 00:41:05.765  20 33 36 34 2E 30 20 20 20 30 2E 34 32 32 0D 0A  364.0   0.422..
000338 00:41:05.781  20 33 36 33 2E 30 20 20 20 30 2E 34 32 33 0D 0A  363.0   0.423..
000339 00:41:05.781  20 33 36 32 2E 30 20 20 20 30 2E 34 32 36 0D 0A  362.0   0.426..
000340 00:41:05.796  20 33 36 31 2E 30 20 20 20 30 2E 34 32 38 0D 0A  361.0   0.428..
000341 00:41:05.812  20 33 36 30 2E 30 20 20 20 30 2E 34 33 30 0D 0A  360.0   0.430..
000342 00:41:05.828  20 33 35 39 2E 30 20 20 20 30 2E 34 33 32 0D 0A  359.0   0.432..
000343 00:41:05.843  20 33 35 38 2E 30 20 20 20 30 2E 34 33 33 0D 0A  358.0   0.433..
000344 00:41:05.875  20 33 35 37 2E 30 20 20 20 30 2E 34 33 36 0D 0A  357.0   0.436..
000345 00:41:05.890  20 33 35 36 2E 30 20 20 20 30 2E 34 33 38 0D 0A  356.0   0.438..
000346 00:41:05.906  20 33 35 35 2E 30 20 20 20 30 2E 34 34 30 0D 0A  355.0   0.440..
000347 00:41:05.921  20 33 35 34 2E 30 20 20 20 30 2E 34 34 33 0D 0A  354.0   0.443..
000348 00:41:05.937  20 33 35 33 2E 30 20 20 20 30 2E 34 34 35 0D 0A  353.0   0.445..
000349 00:41:05.953  20 33 35 32 2E 30 20 20 20 30 2E 34 34 37 0D 0A  352.0   0.447..
000350 00:41:05.968  20 33 35 31 2E 30 20 20 20 30 2E 34 34 39 0D 0A  351.0   0.449..
000351 00:41:06.000  20 33 35 30 2E 30 20 20 20 30 2E 34 35 32 0D 0A  350.0   0.452..
000352 00:41:06.015  20 33 34 39 2E 30 20 20 20 30 2E 34 35 35 0D 0A  349.0   0.455..
000353 00:41:06.031  20 33 34 38 2E 30 20 20 20 30 2E 34 35 37 0D 0A  348.0   0.457..
000354 00:41:06.046  20 33 34 37 2E 30 20 20 20 30 2E 34 36 30 0D 0A  347.0   0.460..
000355 00:41:06.046  20 33 34 36 2E 30 20 20 20 30 2E 34 36 32 0D 0A  346.0   0.462..
000356 00:41:06.062  20 33 34 35 2E 30 20 20 20 30 2E 34 36 35 0D 0A  345.0   0.465..
000357 00:41:06.078  20 33 34 34 2E 30 20 20 20 30 2E 34 36 37 0D 0A  344.0   0.467..
000358 00:41:06.109  20 33 34 33 2E 30 20 20 20 30 2E 34 37 30 0D 0A  343.0   0.470..
000359 00:41:06.125  20 33 34 32 2E 30 20 20 20 30 2E 34 37 33 0D 0A  342.0   0.473..
000360 00:41:06.140  20 33 34 31 2E 30 20 20 20 30 2E 34 37 35 0D 0A  341.0   0.475..
000361 00:41:06.156  20 33 34 30 2E 30 20 20 20 30 2E 34 39 37 0D 0A  340.0   0.497..
000362 00:41:06.171  20 33 33 39 2E 30 20 20 20 30 2E 34 39 39 0D 0A  339.0   0.499..
000363 00:41:06.187  20 33 33 38 2E 30 20 20 20 30 2E 35 30 33 0D 0A  338.0   0.503..
000364 00:41:06.203  20 33 33 37 2E 30 20 20 20 30 2E 35 30 35 0D 0A  337.0   0.505..
000365 00:41:06.234  20 33 33 36 2E 30 20 20 20 30 2E 35 30 38 0D 0A  336.0   0.508..
000366 00:41:06.250  20 33 33 35 2E 30 20 20 20 30 2E 35 31 32 0D 0A  335.0   0.512..
000367 00:41:06.265  20 33 33 34 2E 30 20 20 20 30 2E 35 31 34 0D 0A  334.0   0.514..
000368 00:41:06.281  20 33 33 33 2E 30 20 20 20 30 2E 35 31 37 0D 0A  333.0   0.517..
000369 00:41:06.296  20 33 33 32 2E 30 20 20 20 30 2E 35 32 31 0D 0A  332.0   0.521..
000370 00:41:06.296  20 33 33 31 2E 30 20 20 20 30 2E 35 32 34 0D 0A  331.0   0.524..
000371 00:41:06.312  20 33 33 30 2E 30 20 20 20 30 2E 35 32 37 0D 0A  330.0   0.527..
000372 00:41:06.343  20 33 32 39 2E 30 20 20 20 30 2E 35 33 30 0D 0A  329.0   0.530..
000373 00:41:06.359  20 33 32 38 2E 30 20 20 20 30 2E 35 33 34 0D 0A  328.0   0.534..
000374 00:41:06.390  20 33 32 37 2E 30 20 20 20 30 2E 35 33 37 0D 0A  327.0   0.537..
000375 00:41:06.390  20 33 32 36 2E 30 20 20 20 30 2E 35 34 31 0D 0A  326.0   0.541..
000376 00:41:06.406  20 33 32 35 2E 30 20 20 20 30 2E 35 34 34 0D 0A  325.0   0.544..
000377 00:41:06.421  20 33 32 34 2E 30 20 20 20 30 2E 35 34 38 0D 0A  324.0   0.548..
000378 00:41:06.437  20 33 32 33 2E 30 20 20 20 30 2E 35 35 30 0D 0A  323.0   0.550..
000379 00:41:06.468  20 33 32 32 2E 30 20 20 20 30 2E 35 35 35 0D 0A  322.0   0.555..
000380 00:41:06.484  20 33 32 31 2E 30 20 20 20 30 2E 35 35 39 0D 0A  321.0   0.559..
000381 00:41:06.531  20 33 32 30 2E 30 20 20 20 30 2E 35 36 33 0D 0A  320.0   0.563..
000382 00:41:06.531  20 33 31 39 2E 30 20 20 20 30 2E 35 36 37 0D 0A  319.0   0.567..
000383 00:41:06.531  20 33 31 38 2E 30 20 20 20 30 2E 35 37 31 0D 0A  318.0   0.571..
000384 00:41:06.546  20 33 31 37 2E 30 20 20 20 30 2E 35 37 34 0D 0A  317.0   0.574..
000385 00:41:06.562  20 33 31 36 2E 30 20 20 20 30 2E 35 37 39 0D 0A  316.0   0.579..
000386 00:41:06.578  20 33 31 35 2E 30 20 20 20 30 2E 35 38 34 0D 0A  315.0   0.584..
000387 00:41:06.609  20 33 31 34 2E 30 20 20 20 30 2E 35 39 30 0D 0A  314.0   0.590..
000388 00:41:06.609  20 33 31 33 2E 30 20 20 20 30 2E 35 39 35 0D 0A  313.0   0.595..
000389 00:41:06.625  20 33 31 32 2E 30 20 20 20 30 2E 36 30 32 0D 0A  312.0   0.602..
000390 00:41:06.640  20 33 31 31 2E 30 20 20 20 30 2E 36 30 39 0D 0A  311.0   0.609..
000391 00:41:06.656  20 33 31 30 2E 30 20 20 20 30 2E 36 31 38 0D 0A  310.0   0.618..
000392 00:41:06.671  20 33 30 39 2E 30 20 20 20 30 2E 36 32 37 0D 0A  309.0   0.627..
000393 00:41:06.703  20 33 30 38 2E 30 20 20 20 30 2E 36 33 38 0D 0A  308.0   0.638..
000394 00:41:06.718  20 33 30 37 2E 30 20 20 20 30 2E 36 35 33 0D 0A  307.0   0.653..
000395 00:41:06.734  20 33 30 36 2E 30 20 20 20 30 2E 36 38 34 0D 0A  306.0   0.684..
000396 00:41:06.750  20 33 30 35 2E 30 20 20 20 30 2E 37 30 30 0D 0A  305.0   0.700..
000397 00:41:06.765  20 33 30 34 2E 30 20 20 20 30 2E 37 32 34 0D 0A  304.0   0.724..
000398 00:41:06.781  20 33 30 33 2E 30 20 20 20 30 2E 37 35 35 0D 0A  303.0   0.755..
000399 00:41:06.796  20 33 30 32 2E 30 20 20 20 30 2E 37 39 33 0D 0A  302.0   0.793..
000400 00:41:06.828  20 33 30 31 2E 30 20 20 20 30 2E 38 33 35 0D 0A  301.0   0.835..
000401 00:41:06.828  20 33 30 30 2E 30 20 20 20 30 2E 38 38 35 0D 0A  300.0   0.885..
000402 00:41:06.843  20 32 39 39 2E 30 20 20 20 30 2E 39 34 34 0D 0A  299.0   0.944..
000403 00:41:06.859  20 32 39 38 2E 30 20 20 20 31 2E 30 31 34 0D 0A  298.0   1.014..
000404 00:41:06.875  20 32 39 37 2E 30 20 20 20 31 2E 30 38 38 0D 0A  297.0   1.088..
000405 00:41:06.890  20 32 39 36 2E 30 20 20 20 31 2E 31 37 36 0D 0A  296.0   1.176..
000406 00:41:06.906  20 32 39 35 2E 30 20 20 20 31 2E 32 38 36 0D 0A  295.0   1.286..
000407 00:41:06.937  20 32 39 34 2E 30 20 20 20 31 2E 34 31 32 0D 0A  294.0   1.412..
000408 00:41:06.953  20 32 39 33 2E 30 20 20 20 31 2E 35 34 34 0D 0A  293.0   1.544..
000409 00:41:06.968  20 32 39 32 2E 30 20 20 20 31 2E 36 38 36 0D 0A  292.0   1.686..
000410 00:41:06.984  20 32 39 31 2E 30 20 20 20 31 2E 38 33 36 0D 0A  291.0   1.836..
000411 00:41:07.000  20 32 39 30 2E 30 20 20 20 31 2E 39 38 38 0D 0A  290.0   1.988..
000412 00:41:07.015  20 32 38 39 2E 30 20 20 20 32 2E 31 32 36 0D 0A  289.0   2.126..
000413 00:41:07.031  20 32 38 38 2E 30 20 20 20 32 2E 32 36 33 0D 0A  288.0   2.263..
000414 00:41:07.078  20 32 38 37 2E 30 20 20 20 32 2E 33 39 33 0D 0A  287.0   2.393..
000415 00:41:07.078  20 32 38 36 2E 30 20 20 20 32 2E 35 33 31 0D 0A  286.0   2.531..
000416 00:41:07.093  20 32 38 35 2E 30 20 20 20 32 2E 36 36 37 0D 0A  285.0   2.667..
000417 00:41:07.093  20 32 38 34 2E 30 20 20 20 32 2E 38 31 36 0D 0A  284.0   2.816..
000418 00:41:07.109  20 32 38 33 2E 30 20 20 20 32 2E 39 31 37 0D 0A  283.0   2.917..
000419 00:41:07.125  20 32 38 32 2E 30 20 20 20 33 2E 30 34 35 0D 0A  282.0   3.045..
000420 00:41:07.140  20 32 38 31 2E 30 20 20 20 33 2E 31 32 39 0D 0A  281.0   3.129..
000421 00:41:07.171  20 32 38 30 2E 30 20 20 20 33 2E 31 33 33 0D 0A  280.0   3.133..
000422 00:41:07.187  20 32 37 39 2E 30 20 20 20 33 2E 31 33 37 0D 0A  279.0   3.137..
000423 00:41:07.203  20 32 37 38 2E 30 20 20 20 33 2E 31 34 32 0D 0A  278.0   3.142..
000424 00:41:07.218  20 32 37 37 2E 30 20 20 20 33 2E 31 34 36 0D 0A  277.0   3.146..
000425 00:41:07.234  20 32 37 36 2E 30 20 20 20 33 2E 32 34 39 0D 0A  276.0   3.249..
000426 00:41:07.250  20 32 37 35 2E 30 20 20 20 33 2E 31 35 38 0D 0A  275.0   3.158..
000427 00:41:07.265  20 32 37 34 2E 30 20 20 20 33 2E 31 36 35 0D 0A  274.0   3.165..
000428 00:41:07.296  20 32 37 33 2E 30 20 20 20 33 2E 30 39 33 0D 0A  273.0   3.093..
000429 00:41:07.312  20 32 37 32 2E 30 20 20 20 33 2E 30 33 34 0D 0A  272.0   3.034..
000430 00:41:07.328  20 32 37 31 2E 30 20 20 20 32 2E 39 38 35 0D 0A  271.0   2.985..
000431 00:41:07.343  20 32 37 30 2E 30 20 20 20 32 2E 38 39 37 0D 0A  270.0   2.897..
000432 00:41:07.359  20 32 36 39 2E 30 20 20 20 32 2E 38 36 36 0D 0A  269.0   2.866..
000433 00:41:07.359  20 32 36 38 2E 30 20 20 20 32 2E 38 30 35 0D 0A  268.0   2.805..
000434 00:41:07.390  20 32 36 37 2E 30 20 20 20 32 2E 37 32 37 0D 0A  267.0   2.727..
000435 00:41:07.406  20 32 36 36 2E 30 20 20 20 32 2E 36 36 34 0D 0A  266.0   2.664..
000436 00:41:07.421  20 32 36 35 2E 30 20 20 20 32 2E 35 39 34 0D 0A  265.0   2.594..
000437 00:41:07.437  20 32 36 34 2E 30 20 20 20 32 2E 35 32 31 0D 0A  264.0   2.521..
000438 00:41:07.453  20 32 36 33 2E 30 20 20 20 32 2E 34 35 30 0D 0A  263.0   2.450..
000439 00:41:07.468  20 32 36 32 2E 30 20 20 20 32 2E 33 39 31 0D 0A  262.0   2.391..
000440 00:41:07.500  20 32 36 31 2E 30 20 20 20 32 2E 33 33 33 0D 0A  261.0   2.333..
000441 00:41:07.500  20 32 36 30 2E 30 20 20 20 32 2E 32 37 37 0D 0A  260.0   2.277..
000442 00:41:07.531  20 32 35 39 2E 30 20 20 20 32 2E 32 33 30 0D 0A  259.0   2.230..
000443 00:41:07.546  20 32 35 38 2E 30 20 20 20 32 2E 31 38 33 0D 0A  258.0   2.183..
000444 00:41:07.562  20 32 35 37 2E 30 20 20 20 32 2E 31 34 37 0D 0A  257.0   2.147..
000445 00:41:07.578  20 32 35 36 2E 30 20 20 20 32 2E 31 31 37 0D 0A  256.0   2.117..
000446 00:41:07.593  20 32 35 35 2E 30 20 20 20 32 2E 30 39 30 0D 0A  255.0   2.090..
000447 00:41:07.640  20 32 35 34 2E 30 20 20 20 32 2E 30 36 37 0D 0A  254.0   2.067..
000448 00:41:07.640  20 32 35 33 2E 30 20 20 20 32 2E 30 36 31 0D 0A  253.0   2.061..
000449 00:41:07.640  20 32 35 32 2E 30 20 20 20 32 2E 30 37 31 0D 0A  252.0   2.071..
000450 00:41:07.656  20 32 35 31 2E 30 20 20 20 32 2E 30 39 39 0D 0A  251.0   2.099..
000451 00:41:07.671  20 32 35 30 2E 30 20 20 20 32 2E 31 30 39 0D 0A  250.0   2.109..
000452 00:41:07.687  20 32 34 39 2E 30 20 20 20 32 2E 31 35 34 0D 0A  249.0   2.154..
000453 00:41:07.703  20 32 34 38 2E 30 20 20 20 32 2E 32 32 32 0D 0A  248.0   2.222..
000454 00:41:07.718  20 32 34 37 2E 30 20 20 20 32 2E 32 37 35 0D 0A  247.0   2.275..
000455 00:41:07.734  20 32 34 36 2E 30 20 20 20 32 2E 33 36 30 0D 0A  246.0   2.360..
000456 00:41:07.765  20 32 34 35 2E 30 20 20 20 32 2E 34 39 34 0D 0A  245.0   2.494..
000457 00:41:07.781  20 32 34 34 2E 30 20 20 20 32 2E 36 37 38 0D 0A  244.0   2.678..
000458 00:41:07.796  20 32 34 33 2E 30 20 20 20 32 2E 38 31 31 0D 0A  243.0   2.811..
000459 00:41:07.812  20 32 34 32 2E 30 20 20 20 33 2E 31 32 30 0D 0A  242.0   3.120..
000460 00:41:07.828  20 32 34 31 2E 30 20 20 20 33 2E 33 30 33 0D 0A  241.0   3.303..
000461 00:41:07.843  20 32 34 30 2E 30 20 20 20 33 2E 36 30 39 0D 0A  240.0   3.609..
000462 00:41:07.859  20 32 33 39 2E 30 20 20 20 34 2E 30 30 30 0D 0A  239.0   4.000..
000463 00:41:07.875  20 32 33 38 2E 30 20 20 20 34 2E 30 30 30 0D 0A  238.0   4.000..
000464 00:41:07.890  20 32 33 37 2E 30 20 20 20 34 2E 30 30 30 0D 0A  237.0   4.000..
000465 00:41:07.906  20 32 33 36 2E 30 20 20 20 34 2E 30 30 30 0D 0A  236.0   4.000..
000466 00:41:07.921  20 32 33 35 2E 30 20 20 20 34 2E 30 30 30 0D 0A  235.0   4.000..
000467 00:41:07.937  20 32 33 34 2E 30 20 20 20 34 2E 30 30 30 0D 0A  234.0   4.000..
000468 00:41:07.953  20 32 33 33 2E 30 20 20 20 34 2E 30 30 30 0D 0A  233.0   4.000..
000469 00:41:07.968  20 32 33 32 2E 30 20 20 20 34 2E 30 30 30 0D 0A  232.0   4.000..
000470 00:41:08.000  20 32 33 31 2E 30 20 20 20 34 2E 30 30 30 0D 0A  231.0   4.000..
000471 00:41:08.015  20 32 33 30 2E 30 20 20 20 34 2E 30 30 30 0D 0A  230.0   4.000..
000472 00:41:08.031  20 32 32 39 2E 30 20 20 20 34 2E 30 30 30 0D 0A  229.0   4.000..
000473 00:41:08.046  20 32 32 38 2E 30 20 20 20 34 2E 30 30 30 0D 0A  228.0   4.000..
000474 00:41:08.062  20 32 32 37 2E 30 20 20 20 34 2E 30 30 30 0D 0A  227.0   4.000..
000475 00:41:08.078  20 32 32 36 2E 30 20 20 20 34 2E 30 30 30 0D 0A  226.0   4.000..
000476 00:41:08.093  20 32 32 35 2E 30 20 20 20 34 2E 30 30 30 0D 0A  225.0   4.000..
000477 00:41:08.125  20 32 32 34 2E 30 20 20 20 34 2E 30 30 30 0D 0A  224.0   4.000..
000478 00:41:08.140  20 32 32 33 2E 30 20 20 20 34 2E 30 30 30 0D 0A  223.0   4.000..
000479 00:41:08.140  20 32 32 32 2E 30 20 20 20 34 2E 30 30 30 0D 0A  222.0   4.000..
000480 00:41:08.187  20 32 32 31 2E 30 20 20 20 34 2E 30 30 30 0D 0A  221.0   4.000..
000481 00:41:08.187  20 32 32 30 2E 30 20 20 20 34 2E 30 30 30 0D 0A  220.0   4.000..
000482 00:41:08.187  20 32 31 39 2E 30 20 20 20 34 2E 30 30 30 0D 0A  219.0   4.000..
000483 00:41:08.203  20 32 31 38 2E 30 20 20 20 34 2E 30 30 30 0D 0A  218.0   4.000..
000484 00:41:08.234  20 32 31 37 2E 30 20 20 20 34 2E 30 30 30 0D 0A  217.0   4.000..
000485 00:41:08.250  20 32 31 36 2E 30 20 20 20 34 2E 30 30 30 0D 0A  216.0   4.000..
000486 00:41:08.281  20 32 31 35 2E 30 20 20 20 34 2E 30 30 30 0D 0A  215.0   4.000..
000487 00:41:08.281  20 32 31 34 2E 30 20 20 20 34 2E 30 30 30 0D 0A  214.0   4.000..
000488 00:41:08.296  20 32 31 33 2E 30 20 20 20 34 2E 30 30 30 0D 0A  213.0   4.000..
000489 00:41:08.312  20 32 31 32 2E 30 20 20 20 34 2E 30 30 30 0D 0A  212.0   4.000..
000490 00:41:08.328  20 32 31 31 2E 30 20 20 20 34 2E 30 30 30 0D 0A  211.0   4.000..
000491 00:41:08.359  20 32 31 30 2E 30 20 20 20 34 2E 30 30 30 0D 0A  210.0   4.000..
000492 00:41:08.375  20 32 30 39 2E 30 20 20 20 34 2E 30 30 30 0D 0A  209.0   4.000..
000493 00:41:08.390  20 32 30 38 2E 30 20 20 20 34 2E 30 30 30 0D 0A  208.0   4.000..
000494 00:41:08.406  20 32 30 37 2E 30 20 20 20 34 2E 30 30 30 0D 0A  207.0   4.000..
000495 00:41:08.406  20 32 30 36 2E 30 20 20 20 34 2E 30 30 30 0D 0A  206.0   4.000..
000496 00:41:08.421  20 32 30 35 2E 30 20 20 20 34 2E 30 30 30 0D 0A  205.0   4.000..
000497 00:41:08.437  20 32 30 34 2E 30 20 20 20 34 2E 30 30 30 0D 0A  204.0   4.000..
000498 00:41:08.468  20 32 30 33 2E 30 20 20 20 34 2E 30 30 30 0D 0A  203.0   4.000..
000499 00:41:08.484  20 32 30 32 2E 30 20 20 20 34 2E 30 30 30 0D 0A  202.0   4.000..
000500 00:41:08.500  20 32 30 31 2E 30 20 20 20 34 2E 30 30 30 0D 0A  201.0   4.000..
000501 00:41:08.515  20 32 30 30 2E 30 20 20 20 34 2E 30 30 30 0D 0A  200.0   4.000..
000502 00:41:08.531  20 31 39 39 2E 30 20 20 20 34 2E 30 30 30 0D 0A  199.0   4.000..
000503 00:41:08.546  20 31 39 38 2E 30 20 20 20 34 2E 30 30 30 0D 0A  198.0   4.000..
000504 00:41:08.562  20 31 39 37 2E 30 20 20 20 34 2E 30 30 30 0D 0A  197.0   4.000..
000505 00:41:08.593  20 31 39 36 2E 30 20 20 20 34 2E 30 30 30 0D 0A  196.0   4.000..
000506 00:41:08.609  20 31 39 35 2E 30 20 20 20 34 2E 30 30 30 0D 0A  195.0   4.000..
000507 00:41:08.625  20 31 39 34 2E 30 20 20 20 34 2E 30 30 30 0D 0A  194.0   4.000..
000508 00:41:08.640  20 31 39 33 2E 30 20 20 20 34 2E 30 30 30 0D 0A  193.0   4.000..
000509 00:41:08.656  20 31 39 32 2E 30 20 20 20 34 2E 30 30 30 0D 0A  192.0   4.000..
000510 00:41:08.656  20 31 39 31 2E 30 20 20 20 34 2E 30 30 30 0D 0A  191.0   4.000..
000511 00:41:08.671  20 31 39 30 2E 30 20 20 20 34 2E 30 30 30 0D 0A  190.0   4.000..
000512 00:41:08.703  1A                                              .
