000001 00:42:37.109  20 37 30 30 2E 30 20 20 20 30 2E 31 32 39 0D 0A  700.0   0.129..
000002 00:42:37.125  20 36 39 39 2E 30 20 20 20 30 2E 31 33 30 0D 0A  699.0   0.130..
000003 00:42:37.140  20 36 39 38 2E 30 20 20 20 30 2E 31 33 30 0D 0A  698.0   0.130..
000004 00:42:37.156  20 36 39 37 2E 30 20 20 20 30 2E 31 33 30 0D 0A  697.0   0.130..
000005 00:42:37.171  20 36 39 36 2E 30 20 20 20 30 2E 31 33 31 0D 0A  696.0   0.131..
000006 00:42:37.187  20 36 39 35 2E 30 20 20 20 30 2E 31 33 31 0D 0A  695.0   0.131..
000007 00:42:37.203  20 36 39 34 2E 30 20 20 20 30 2E 31 33 32 0D 0A  694.0   0.132..
000008 00:42:37.218  20 36 39 33 2E 30 20 20 20 30 2E 31 33 32 0D 0A  693.0   0.132..
000009 00:42:37.234  20 36 39 32 2E 30 20 20 20 30 2E 31 33 32 0D 0A  692.0   0.132..
000010 00:42:37.250  20 36 39 31 2E 30 20 20 20 30 2E 31 33 33 0D 0A  691.0   0.133..
000011 00:42:37.265  20 36 39 30 2E 30 20 20 20 30 2E 31 33 33 0D 0A  690.0   0.133..
000012 00:42:37.281  20 36 38 39 2E 30 20 20 20 30 2E 31 33 34 0D 0A  689.0   0.134..
000013 00:42:37.296  20 36 38 38 2E 30 20 20 20 30 2E 31 33 34 0D 0A  688.0   0.134..
000014 00:42:37.312  20 36 38 37 2E 30 20 20 20 30 2E 31 33 35 0D 0A  687.0   0.135..
000015 00:42:37.343  20 36 38 36 2E 30 20 20 20 30 2E 31 33 35 0D 0A  686.0   0.135..
000016 00:42:37.359  20 36 38 35 2E 30 20 20 20 30 2E 31 33 35 0D 0A  685.0   0.135..
000017 00:42:37.375  20 36 38 34 2E 30 20 20 20 30 2E 31 33 36 0D 0A  684.0   0.136..
000018 00:42:37.390  20 36 38 33 2E 30 20 20 20 30 2E 31 33 36 0D 0A  683.0   0.136..
000019 00:42:37.406  20 36 38 32 2E 30 20 20 20 30 2E 31 33 37 0D 0A  682.0   0.137..
000020 00:42:37.421  20 36 38 31 2E 30 20 20 20 30 2E 31 33 37 0D 0A  681.0   0.137..
000021 00:42:37.437  20 36 38 30 2E 30 20 20 20 30 2E 31 33 37 0D 0A  680.0   0.137..
000022 00:42:37.468  20 36 37 39 2E 30 20 20 20 30 2E 31 33 38 0D 0A  679.0   0.138..
000023 00:42:37.484  20 36 37 38 2E 30 20 20 20 30 2E 31 33 38 0D 0A  678.0   0.138..
000024 00:42:37.484  20 36 37 37 2E 30 20 20 20 30 2E 31 33 39 0D 0A  677.0   0.139..
000025 00:42:37.500  20 36 37 36 2E 30 20 20 20 30 2E 31 33 39 0D 0A  676.0   0.139..
000026 00:42:37.515  20 36 37 35 2E 30 20 20 20 30 2E 31 34 30 0D 0A  675.0   0.140..
000027 00:42:37.531  20 36 37 34 2E 30 20 20 20 30 2E 31 34 30 0D 0A  674.0   0.140..
000028 00:42:37.546  20 36 37 33 2E 30 20 20 20 30 2E 31 34 30 0D 0A  673.0   0.140..
000029 00:42:37.578  20 36 37 32 2E 30 20 20 20 30 2E 31 34 31 0D 0A  672.0   0.141..
000030 00:42:37.593  20 36 37 31 2E 30 20 20 20 30 2E 31 34 31 0D 0A  671.0   0.141..
000031 00:42:37.609  20 36 37 30 2E 30 20 20 20 30 2E 31 34 31 0D 0A  670.0   0.141..
000032 00:42:37.625  20 36 36 39 2E 30 20 20 20 30 2E 31 34 32 0D 0A  669.0   0.142..
000033 00:42:37.640  20 36 36 38 2E 30 20 20 20 30 2E 31 34 32 0D 0A  668.0   0.142..
000034 00:42:37.656  20 36 36 37 2E 30 20 20 20 30 2E 31 34 33 0D 0A  667.0   0.143..
000035 00:42:37.671  20 36 36 36 2E 30 20 20 20 30 2E 31 34 33 0D 0A  666.0   0.143..
000036 00:42:37.703  20 36 36 35 2E 30 20 20 20 30 2E 31 34 34 0D 0A  665.0   0.144..
000037 00:42:37.718  20 36 36 34 2E 30 20 20 20 30 2E 31 34 34 0D 0A  664.0   0.144..
000038 00:42:37.734  20 36 36 33 2E 30 20 20 20 30 2E 31 34 35 0D 0A  663.0   0.145..
000039 00:42:37.750  20 36 36 32 2E 30 20 20 20 30 2E 31 34 35 0D 0A  662.0   0.145..
000040 00:42:37.750  20 36 36 31 2E 30 20 20 20 30 2E 31 34 36 0D 0A  661.0   0.146..
000041 00:42:37.765  20 36 36 30 2E 30 20 20 20 30 2E 31 34 36 0D 0A  660.0   0.146..
000042 00:42:37.781  20 36 35 39 2E 30 20 20 20 30 2E 31 34 37 0D 0A  659.0   0.147..
000043 00:42:37.812  20 36 35 38 2E 30 20 20 20 30 2E 31 34 37 0D 0A  658.0   0.147..
000044 00:42:37.828  20 36 35 37 2E 30 20 20 20 30 2E 31 34 38 0D 0A  657.0   0.148..
000045 00:42:37.843  20 36 35 36 2E 30 20 20 20 30 2E 31 34 38 0D 0A  656.0   0.148..
000046 00:42:37.859  20 36 35 35 2E 30 20 20 20 30 2E 31 34 39 0D 0A  655.0   0.149..
000047 00:42:37.875  20 36 35 34 2E 30 20 20 20 30 2E 31 34 39 0D 0A  654.0   0.149..
000048 00:42:37.890  20 36 35 33 2E 30 20 20 20 30 2E 31 35 30 0D 0A  653.0   0.150..
000049 00:42:37.906  20 36 35 32 2E 30 20 20 20 30 2E 31 35 30 0D 0A  652.0   0.150..
000050 00:42:37.937  20 36 35 31 2E 30 20 20 20 30 2E 31 35 31 0D 0A  651.0   0.151..
000051 00:42:37.953  20 36 35 30 2E 30 20 20 20 30 2E 31 35 31 0D 0A  650.0   0.151..
000052 00:42:37.968  20 36 34 39 2E 30 20 20 20 30 2E 31 35 32 0D 0A  649.0   0.152..
000053 00:42:37.984  20 36 34 38 2E 30 20 20 20 30 2E 31 35 32 0D 0A  648.0   0.152..
000054 00:42:38.000  20 36 34 37 2E 30 20 20 20 30 2E 31 35 33 0D 0A  647.0   0.153..
000055 00:42:38.015  20 36 34 36 2E 30 20 20 20 30 2E 31 35 34 0D 0A  646.0   0.154..
000056 00:42:38.015  20 36 34 35 2E 30 20 20 20 30 2E 31 35 34 0D 0A  645.0   0.154..
000057 00:42:38.046  20 36 34 34 2E 30 20 20 20 30 2E 31 35 34 0D 0A  644.0   0.154..
000058 00:42:38.062  20 36 34 33 2E 30 20 20 20 30 2E 31 35 35 0D 0A  643.0   0.155..
000059 00:42:38.078  20 36 34 32 2E 30 20 20 20 30 2E 31 35 35 0D 0A  642.0   0.155..
000060 00:42:38.109  20 36 34 31 2E 30 20 20 20 30 2E 31 35 36 0D 0A  641.0   0.156..
000061 00:42:38.109  20 36 34 30 2E 30 20 20 20 30 2E 31 35 36 0D 0A  640.0   0.156..
000062 00:42:38.125  20 36 33 39 2E 30 20 20 20 30 2E 31 35 36 0D 0A  639.0   0.156..
000063 00:42:38.140  20 36 33 38 2E 30 20 20 20 30 2E 31 35 37 0D 0A  638.0   0.157..
000064 00:42:38.171  20 36 33 37 2E 30 20 20 20 30 2E 31 35 38 0D 0A  637.0   0.158..
000065 00:42:38.187  20 36 33 36 2E 30 20 20 20 30 2E 31 35 39 0D 0A  636.0   0.159..
000066 00:42:38.203  20 36 33 35 2E 30 20 20 20 30 2E 31 36 30 0D 0A  635.0   0.160..
000067 00:42:38.218  20 36 33 34 2E 30 20 20 20 30 2E 31 36 31 0D 0A  634.0   0.161..
000068 00:42:38.234  20 36 33 33 2E 30 20 20 20 30 2E 31 36 31 0D 0A  633.0   0.161..
000069 00:42:38.250  20 36 33 32 2E 30 20 20 20 30 2E 31 36 32 0D 0A  632.0   0.162..
000070 00:42:38.265  20 36 33 31 2E 30 20 20 20 30 2E 31 36 32 0D 0A  631.0   0.162..
000071 00:42:38.296  20 36 33 30 2E 30 20 20 20 30 2E 31 36 33 0D 0A  630.0   0.163..
000072 00:42:38.296  20 36 32 39 2E 30 20 20 20 30 2E 31 36 33 0D 0A  629.0   0.163..
000073 00:42:38.312  20 36 32 38 2E 30 20 20 20 30 2E 31 36 34 0D 0A  628.0   0.164..
000074 00:42:38.328  20 36 32 37 2E 30 20 20 20 30 2E 31 36 34 0D 0A  627.0   0.164..
000075 00:42:38.343  20 36 32 36 2E 30 20 20 20 30 2E 31 36 35 0D 0A  626.0   0.165..
000076 00:42:38.359  20 36 32 35 2E 30 20 20 20 30 2E 31 36 35 0D 0A  625.0   0.165..
000077 00:42:38.375  20 36 32 34 2E 30 20 20 20 30 2E 31 36 36 0D 0A  624.0   0.166..
000078 00:42:38.406  20 36 32 33 2E 30 20 20 20 30 2E 31 36 36 0D 0A  623.0   0.166..
000079 00:42:38.421  20 36 32 32 2E 30 20 20 20 30 2E 31 36 37 0D 0A  622.0   0.167..
000080 00:42:38.437  20 36 32 31 2E 30 20 20 20 30 2E 31 36 37 0D 0A  621.0   0.167..
000081 00:42:38.453  20 36 32 30 2E 30 20 20 20 30 2E 31 36 37 0D 0A  620.0   0.167..
000082 00:42:38.468  20 36 31 39 2E 30 20 20 20 30 2E 31 36 38 0D 0A  619.0   0.168..
000083 00:42:38.484  20 36 31 38 2E 30 20 20 20 30 2E 31 36 38 0D 0A  618.0   0.168..
000084 00:42:38.500  20 36 31 37 2E 30 20 20 20 30 2E 31 36 39 0D 0A  617.0   0.169..
000085 00:42:38.546  20 36 31 36 2E 30 20 20 20 30 2E 31 36 39 0D 0A  616.0   0.169..
000086 00:42:38.546  20 36 31 35 2E 30 20 20 20 30 2E 31 37 30 0D 0A  615.0   0.170..
000087 00:42:38.546  20 36 31 34 2E 30 20 20 20 30 2E 31 37 30 0D 0A  614.0   0.170..
000088 00:42:38.562  20 36 31 33 2E 30 20 20 20 30 2E 31 37 31 0D 0A  613.0   0.171..
000089 00:42:38.578  20 36 31 32 2E 30 20 20 20 30 2E 31 37 31 0D 0A  612.0   0.171..
000090 00:42:38.593  20 36 31 31 2E 30 20 20 20 30 2E 31 37 32 0D 0A  611.0   0.172..
000091 00:42:38.625  20 36 31 30 2E 30 20 20 20 30 2E 31 37 32 0D 0A  610.0   0.172..
000092 00:42:38.640  20 36 30 39 2E 30 20 20 20 30 2E 31 37 33 0D 0A  609.0   0.173..
000093 00:42:38.656  20 36 30 38 2E 30 20 20 20 30 2E 31 37 34 0D 0A  608.0   0.174..
000094 00:42:38.671  20 36 30 37 2E 30 20 20 20 30 2E 31 37 34 0D 0A  607.0   0.174..
000095 00:42:38.687  20 36 30 36 2E 30 20 20 20 30 2E 31 37 35 0D 0A  606.0   0.175..
000096 00:42:38.703  20 36 30 35 2E 30 20 20 20 30 2E 31 37 35 0D 0A  605.0   0.175..
000097 00:42:38.718  20 36 30 34 2E 30 20 20 20 30 2E 31 37 36 0D 0A  604.0   0.176..
000098 00:42:38.734  20 36 30 33 2E 30 20 20 20 30 2E 31 37 37 0D 0A  603.0   0.177..
000099 00:42:38.765  20 36 30 32 2E 30 20 20 20 30 2E 31 37 37 0D 0A  602.0   0.177..
000100 00:42:38.781  20 36 30 31 2E 30 20 20 20 30 2E 31 37 38 0D 0A  601.0   0.178..
000101 00:42:38.796  20 36 30 30 2E 30 20 20 20 30 2E 31 37 38 0D 0A  600.0   0.178..
000102 00:42:38.796  20 35 39 39 2E 30 20 20 20 30 2E 31 37 39 0D 0A  599.0   0.179..
000103 00:42:38.812  20 35 39 38 2E 30 20 20 20 30 2E 31 37 39 0D 0A  598.0   0.179..
000104 00:42:38.828  20 35 39 37 2E 30 20 20 20 30 2E 31 38 30 0D 0A  597.0   0.180..
000105 00:42:38.843  20 35 39 36 2E 30 20 20 20 30 2E 31 38 30 0D 0A  596.0   0.180..
000106 00:42:38.875  20 35 39 35 2E 30 20 20 20 30 2E 31 38 31 0D 0A  595.0   0.181..
000107 00:42:38.890  20 35 39 34 2E 30 20 20 20 30 2E 31 38 32 0D 0A  594.0   0.182..
000108 00:42:38.906  20 35 39 33 2E 30 20 20 20 30 2E 31 38 32 0D 0A  593.0   0.182..
000109 00:42:38.921  20 35 39 32 2E 30 20 20 20 30 2E 31 38 33 0D 0A  592.0   0.183..
000110 00:42:38.968  20 35 39 31 2E 30 20 20 20 30 2E 31 38 34 0D 0A  591.0   0.184..
000111 00:42:38.968  20 35 39 30 2E 30 20 20 20 30 2E 31 38 34 0D 0A  590.0   0.184..
000112 00:42:38.968  20 35 38 39 2E 30 20 20 20 30 2E 31 38 35 0D 0A  589.0   0.185..
000113 00:42:39.000  20 35 38 38 2E 30 20 20 20 30 2E 31 38 36 0D 0A  588.0   0.186..
000114 00:42:39.015  20 35 38 37 2E 30 20 20 20 30 2E 31 38 36 0D 0A  587.0   0.186..
000115 00:42:39.031  20 35 38 36 2E 30 20 20 20 30 2E 31 38 37 0D 0A  586.0   0.187..
000116 00:42:39.046  20 35 38 35 2E 30 20 20 20 30 2E 31 38 38 0D 0A  585.0   0.188..
000117 00:42:39.062  20 35 38 34 2E 30 20 20 20 30 2E 31 38 39 0D 0A  584.0   0.189..
000118 00:42:39.062  20 35 38 33 2E 30 20 20 20 30 2E 31 38 39 0D 0A  583.0   0.189..
000119 00:42:39.078  20 35 38 32 2E 30 20 20 20 30 2E 31 39 30 0D 0A  582.0   0.190..
000120 00:42:39.109  20 35 38 31 2E 30 20 20 20 30 2E 31 39 31 0D 0A  581.0   0.191..
000121 00:42:39.125  20 35 38 30 2E 30 20 20 20 30 2E 31 39 32 0D 0A  580.0   0.192..
000122 00:42:39.140  20 35 37 39 2E 30 20 20 20 30 2E 31 39 33 0D 0A  579.0   0.193..
000123 00:42:39.156  20 35 37 38 2E 30 20 20 20 30 2E 31 39 33 0D 0A  578.0   0.193..
000124 00:42:39.171  20 35 37 37 2E 30 20 20 20 30 2E 31 39 34 0D 0A  577.0   0.194..
000125 00:42:39.187  20 35 37 36 2E 30 20 20 20 30 2E 31 39 35 0D 0A  576.0   0.195..
000126 00:42:39.203  20 35 37 35 2E 30 20 20 20 30 2E 31 39 36 0D 0A  575.0   0.196..
000127 00:42:39.234  20 35 37 34 2E 30 20 20 20 30 2E 31 39 36 0D 0A  574.0   0.196..
000128 00:42:39.250  20 35 37 33 2E 30 20 20 20 30 2E 31 39 37 0D 0A  573.0   0.197..
000129 00:42:39.265  20 35 37 32 2E 30 20 20 20 30 2E 31 39 38 0D 0A  572.0   0.198..
000130 00:42:39.281  20 35 37 31 2E 30 20 20 20 30 2E 31 39 38 0D 0A  571.0   0.198..
000131 00:42:39.296  20 35 37 30 2E 30 20 20 20 30 2E 31 39 39 0D 0A  570.0   0.199..
000132 00:42:39.312  20 35 36 39 2E 30 20 20 20 30 2E 31 39 39 0D 0A  569.0   0.199..
000133 00:42:39.312  20 35 36 38 2E 30 20 20 20 30 2E 32 30 30 0D 0A  568.0   0.200..
000134 00:42:39.343  20 35 36 37 2E 30 20 20 20 30 2E 32 30 30 0D 0A  567.0   0.200..
000135 00:42:39.359  20 35 36 36 2E 30 20 20 20 30 2E 32 30 31 0D 0A  566.0   0.201..
000136 00:42:39.375  20 35 36 35 2E 30 20 20 20 30 2E 32 30 32 0D 0A  565.0   0.202..
000137 00:42:39.390  20 35 36 34 2E 30 20 20 20 30 2E 32 30 33 0D 0A  564.0   0.203..
000138 00:42:39.406  20 35 36 33 2E 30 20 20 20 30 2E 32 30 33 0D 0A  563.0   0.203..
000139 00:42:39.421  20 35 36 32 2E 30 20 20 20 30 2E 32 30 34 0D 0A  562.0   0.204..
000140 00:42:39.437  20 35 36 31 2E 30 20 20 20 30 2E 32 30 34 0D 0A  561.0   0.204..
000141 00:42:39.468  20 35 36 30 2E 30 20 20 20 30 2E 32 30 35 0D 0A  560.0   0.205..
000142 00:42:39.484  20 35 35 39 2E 30 20 20 20 30 2E 32 30 36 0D 0A  559.0   0.206..
000143 00:42:39.500  20 35 35 38 2E 30 20 20 20 30 2E 32 30 37 0D 0A  558.0   0.207..
000144 00:42:39.515  20 35 35 37 2E 30 20 20 20 30 2E 32 30 37 0D 0A  557.0   0.207..
000145 00:42:39.531  20 35 35 36 2E 30 20 20 20 30 2E 32 30 38 0D 0A  556.0   0.208..
000146 00:42:39.546  20 35 35 35 2E 30 20 20 20 30 2E 32 30 39 0D 0A  555.0   0.209..
000147 00:42:39.562  20 35 35 34 2E 30 20 20 20 30 2E 32 31 30 0D 0A  554.0   0.210..
000148 00:42:39.593  20 35 35 33 2E 30 20 20 20 30 2E 32 31 30 0D 0A  553.0   0.210..
000149 00:42:39.625  20 35 35 32 2E 30 20 20 20 30 2E 32 31 31 0D 0A  552.0   0.211..
000150 00:42:39.625  20 35 35 31 2E 30 20 20 20 30 2E 32 31 32 0D 0A  551.0   0.212..
000151 00:42:39.625  20 35 35 30 2E 30 20 20 20 30 2E 32 31 33 0D 0A  550.0   0.213..
000152 00:42:39.640  20 35 34 39 2E 30 20 20 20 30 2E 32 31 34 0D 0A  549.0   0.214..
000153 00:42:39.656  20 35 34 38 2E 30 20 20 20 30 2E 32 31 35 0D 0A  548.0   0.215..
000154 00:42:39.671  20 35 34 37 2E 30 20 20 20 30 2E 32 31 36 0D 0A  547.0   0.216..
000155 00:42:39.703  20 35 34 36 2E 30 20 20 20 30 2E 32 31 37 0D 0A  546.0   0.217..
000156 00:42:39.718  20 35 34 35 2E 30 20 20 20 30 2E 32 31 38 0D 0A  545.0   0.218..
000157 00:42:39.734  20 35 34 34 2E 30 20 20 20 30 2E 32 31 39 0D 0A  544.0   0.219..
000158 00:42:39.750  20 35 34 33 2E 30 20 20 20 30 2E 32 32 30 0D 0A  543.0   0.220..
000159 00:42:39.765  20 35 34 32 2E 30 20 20 20 30 2E 32 32 30 0D 0A  542.0   0.220..
000160 00:42:39.781  20 35 34 31 2E 30 20 20 20 30 2E 32 32 32 0D 0A  541.0   0.222..
000161 00:42:39.796  20 35 34 30 2E 30 20 20 20 30 2E 32 32 33 0D 0A  540.0   0.223..
000162 00:42:39.828  20 35 33 39 2E 30 20 20 20 30 2E 32 32 34 0D 0A  539.0   0.224..
000163 00:42:39.843  20 35 33 38 2E 30 20 20 20 30 2E 32 32 35 0D 0A  538.0   0.225..
000164 00:42:39.843  20 35 33 37 2E 30 20 20 20 30 2E 32 32 36 0D 0A  537.0   0.226..
000165 00:42:39.859  20 35 33 36 2E 30 20 20 20 30 2E 32 32 34 0D 0A  536.0   0.224..
000166 00:42:39.875  20 35 33 35 2E 30 20 20 20 30 2E 32 32 35 0D 0A  535.0   0.225..
000167 00:42:39.890  20 35 33 34 2E 30 20 20 20 30 2E 32 32 35 0D 0A  534.0   0.225..
000168 00:42:39.921  20 35 33 33 2E 30 20 20 20 30 2E 32 32 36 0D 0A  533.0   0.226..
000169 00:42:39.937  20 35 33 32 2E 30 20 20 20 30 2E 32 32 37 0D 0A  532.0   0.227..
000170 00:42:39.953  20 35 33 31 2E 30 20 20 20 30 2E 32 32 38 0D 0A  531.0   0.228..
000171 00:42:39.968  20 35 33 30 2E 30 20 20 20 30 2E 32 32 38 0D 0A  530.0   0.228..
000172 00:42:39.984  20 35 32 39 2E 30 20 20 20 30 2E 32 32 39 0D 0A  529.0   0.229..
000173 00:42:40.000  20 35 32 38 2E 30 20 20 20 30 2E 32 33 30 0D 0A  528.0   0.230..
000174 00:42:40.015  20 35 32 37 2E 30 20 20 20 30 2E 32 33 31 0D 0A  527.0   0.231..
000175 00:42:40.031  20 35 32 36 2E 30 20 20 20 30 2E 32 33 31 0D 0A  526.0   0.231..
000176 00:42:40.062  20 35 32 35 2E 30 20 20 20 30 2E 32 33 32 0D 0A  525.0   0.232..
000177 00:42:40.078  20 35 32 34 2E 30 20 20 20 30 2E 32 33 33 0D 0A  524.0   0.233..
000178 00:42:40.093  20 35 32 33 2E 30 20 20 20 30 2E 32 33 34 0D 0A  523.0   0.234..
000179 00:42:40.109  20 35 32 32 2E 30 20 20 20 30 2E 32 33 35 0D 0A  522.0   0.235..
000180 00:42:40.109  20 35 32 31 2E 30 20 20 20 30 2E 32 33 36 0D 0A  521.0   0.236..
000181 00:42:40.125  20 35 32 30 2E 30 20 20 20 30 2E 32 33 36 0D 0A  520.0   0.236..
000182 00:42:40.156  20 35 31 39 2E 30 20 20 20 30 2E 32 33 38 0D 0A  519.0   0.238..
000183 00:42:40.171  20 35 31 38 2E 30 20 20 20 30 2E 32 33 39 0D 0A  518.0   0.239..
000184 00:42:40.187  20 35 31 37 2E 30 20 20 20 30 2E 32 33 39 0D 0A  517.0   0.239..
000185 00:42:40.203  20 35 31 36 2E 30 20 20 20 30 2E 32 34 30 0D 0A  516.0   0.240..
000186 00:42:40.218  20 35 31 35 2E 30 20 20 20 30 2E 32 34 31 0D 0A  515.0   0.241..
000187 00:42:40.234  20 35 31 34 2E 30 20 20 20 30 2E 32 34 32 0D 0A  514.0   0.242..
000188 00:42:40.250  20 35 31 33 2E 30 20 20 20 30 2E 32 34 33 0D 0A  513.0   0.243..
000189 00:42:40.265  20 35 31 32 2E 30 20 20 20 30 2E 32 34 34 0D 0A  512.0   0.244..
000190 00:42:40.296  20 35 31 31 2E 30 20 20 20 30 2E 32 34 35 0D 0A  511.0   0.245..
000191 00:42:40.312  20 35 31 30 2E 30 20 20 20 30 2E 32 34 35 0D 0A  510.0   0.245..
000192 00:42:40.328  20 35 30 39 2E 30 20 20 20 30 2E 32 34 36 0D 0A  509.0   0.246..
000193 00:42:40.343  20 35 30 38 2E 30 20 20 20 30 2E 32 34 37 0D 0A  508.0   0.247..
000194 00:42:40.359  20 35 30 37 2E 30 20 20 20 30 2E 32 34 38 0D 0A  507.0   0.248..
000195 00:42:40.375  20 35 30 36 2E 30 20 20 20 30 2E 32 34 39 0D 0A  506.0   0.249..
000196 00:42:40.375  20 35 30 35 2E 30 20 20 20 30 2E 32 35 30 0D 0A  505.0   0.250..
000197 00:42:40.406  20 35 30 34 2E 30 20 20 20 30 2E 32 35 31 0D 0A  504.0   0.251..
000198 00:42:40.421  20 35 30 33 2E 30 20 20 20 30 2E 32 35 32 0D 0A  503.0   0.252..
000199 00:42:40.437  20 35 30 32 2E 30 20 20 20 30 2E 32 35 33 0D 0A  502.0   0.253..
000200 00:42:40.453  20 35 30 31 2E 30 20 20 20 30 2E 32 35 34 0D 0A  501.0   0.254..
000201 00:42:40.468  20 35 30 30 2E 30 20 20 20 30 2E 32 35 34 0D 0A  500.0   0.254..
000202 00:42:40.484  20 34 39 39 2E 30 20 20 20 30 2E 32 35 35 0D 0A  499.0   0.255..
000203 00:42:40.500  20 34 39 38 2E 30 20 20 20 30 2E 32 35 37 0D 0A  498.0   0.257..
000204 00:42:40.531  20 34 39 37 2E 30 20 20 20 30 2E 32 35 38 0D 0A  497.0   0.258..
000205 00:42:40.546  20 34 39 36 2E 30 20 20 20 30 2E 32 35 38 0D 0A  496.0   0.258..
000206 00:42:40.562  20 34 39 35 2E 30 20 20 20 30 2E 32 35 39 0D 0A  495.0   0.259..
000207 00:42:40.578  20 34 39 34 2E 30 20 20 20 30 2E 32 36 30 0D 0A  494.0   0.260..
000208 00:42:40.593  20 34 39 33 2E 30 20 20 20 30 2E 32 36 31 0D 0A  493.0   0.261..
000209 00:42:40.609  20 34 39 32 2E 30 20 20 20 30 2E 32 36 32 0D 0A  492.0   0.262..
000210 00:42:40.625  20 34 39 31 2E 30 20 20 20 30 2E 32 36 34 0D 0A  491.0   0.264..
000211 00:42:40.640  20 34 39 30 2E 30 20 20 20 30 2E 32 36 34 0D 0A  490.0   0.264..
000212 00:42:40.656  20 34 38 39 2E 30 20 20 20 30 2E 32 36 35 0D 0A  489.0   0.265..
000213 00:42:40.671  20 34 38 38 2E 30 20 20 20 30 2E 32 36 36 0D 0A  488.0   0.266..
000214 00:42:40.687  20 34 38 37 2E 30 20 20 20 30 2E 32 36 37 0D 0A  487.0   0.267..
000215 00:42:40.703  20 34 38 36 2E 30 20 20 20 30 2E 32 36 38 0D 0A  486.0   0.268..
000216 00:42:40.718  20 34 38 35 2E 30 20 20 20 30 2E 32 36 39 0D 0A  485.0   0.269..
000217 00:42:40.734  20 34 38 34 2E 30 20 20 20 30 2E 32 37 30 0D 0A  484.0   0.270..
000218 00:42:40.765  20 34 38 33 2E 30 20 20 20 30 2E 32 37 31 0D 0A  483.0   0.271..
000219 00:42:40.781  20 34 38 32 2E 30 20 20 20 30 2E 32 37 32 0D 0A  482.0   0.272..
000220 00:42:40.796  20 34 38 31 2E 30 20 20 20 30 2E 32 37 33 0D 0A  481.0   0.273..
000221 00:42:40.812  20 34 38 30 2E 30 20 20 20 30 2E 32 37 35 0D 0A  480.0   0.275..
000222 00:42:40.828  20 34 37 39 2E 30 20 20 20 30 2E 32 37 36 0D 0A  479.0   0.276..
000223 00:42:40.843  20 34 37 38 2E 30 20 20 20 30 2E 32 37 37 0D 0A  478.0   0.277..
000224 00:42:40.859  20 34 37 37 2E 30 20 20 20 30 2E 32 37 38 0D 0A  477.0   0.278..
000225 00:42:40.890  20 34 37 36 2E 30 20 20 20 30 2E 32 37 39 0D 0A  476.0   0.279..
000226 00:42:40.890  20 34 37 35 2E 30 20 20 20 30 2E 32 38 30 0D 0A  475.0   0.280..
000227 00:42:40.906  20 34 37 34 2E 30 20 20 20 30 2E 32 38 31 0D 0A  474.0   0.281..
000228 00:42:40.921  20 34 37 33 2E 30 20 20 20 30 2E 32 38 32 0D 0A  473.0   0.282..
000229 00:42:40.937  20 34 37 32 2E 30 20 20 20 30 2E 32 38 33 0D 0A  472.0   0.283..
000230 00:42:40.953  20 34 37 31 2E 30 20 20 20 30 2E 32 38 34 0D 0A  471.0   0.284..
000231 00:42:40.968  20 34 37 30 2E 30 20 20 20 30 2E 32 38 36 0D 0A  470.0   0.286..
000232 00:42:41.000  20 34 36 39 2E 30 20 20 20 30 2E 32 38 37 0D 0A  469.0   0.287..
000233 00:42:41.015  20 34 36 38 2E 30 20 20 20 30 2E 32 38 38 0D 0A  468.0   0.288..
000234 00:42:41.031  20 34 36 37 2E 30 20 20 20 30 2E 32 39 30 0D 0A  467.0   0.290..
000235 00:42:41.046  20 34 36 36 2E 30 20 20 20 30 2E 32 39 31 0D 0A  466.0   0.291..
000236 00:42:41.062  20 34 36 35 2E 30 20 20 20 30 2E 32 39 32 0D 0A  465.0   0.292..
000237 00:42:41.078  20 34 36 34 2E 30 20 20 20 30 2E 32 39 33 0D 0A  464.0   0.293..
000238 00:42:41.093  20 34 36 33 2E 30 20 20 20 30 2E 32 39 34 0D 0A  463.0   0.294..
000239 00:42:41.125  20 34 36 32 2E 30 20 20 20 30 2E 32 39 35 0D 0A  462.0   0.295..
000240 00:42:41.140  20 34 36 31 2E 30 20 20 20 30 2E 32 39 37 0D 0A  461.0   0.297..
000241 00:42:41.156  20 34 36 30 2E 30 20 20 20 30 2E 32 39 38 0D 0A  460.0   0.298..
000242 00:42:41.156  20 34 35 39 2E 30 20 20 20 30 2E 32 39 39 0D 0A  459.0   0.299..
000243 00:42:41.171  20 34 35 38 2E 30 20 20 20 30 2E 33 30 31 0D 0A  458.0   0.301..
000244 00:42:41.187  20 34 35 37 2E 30 20 20 20 30 2E 33 30 32 0D 0A  457.0   0.302..
000245 00:42:41.203  20 34 35 36 2E 30 20 20 20 30 2E 33 30 33 0D 0A  456.0   0.303..
000246 00:42:41.234  20 34 35 35 2E 30 20 20 20 30 2E 33 30 35 0D 0A  455.0   0.305..
000247 00:42:41.250  20 34 35 34 2E 30 20 20 20 30 2E 33 30 36 0D 0A  454.0   0.306..
000248 00:42:41.265  20 34 35 33 2E 30 20 20 20 30 2E 33 30 38 0D 0A  453.0   0.308..
000249 00:42:41.281  20 34 35 32 2E 30 20 20 20 30 2E 33 31 30 0D 0A  452.0   0.310..
000250 00:42:41.296  20 34 35 31 2E 30 20 20 20 30 2E 33 31 31 0D 0A  451.0   0.311..
000251 00:42:41.312  20 34 35 30 2E 30 20 20 20 30 2E 33 31 33 0D 0A  450.0   0.313..
000252 00:42:41.328  20 34 34 39 2E 30 20 20 20 30 2E 33 31 35 0D 0A  449.0   0.315..
000253 00:42:41.359  20 34 34 38 2E 30 20 20 20 30 2E 33 31 37 0D 0A  448.0   0.317..
000254 00:42:41.375  20 34 34 37 2E 30 20 20 20 30 2E 33 31 38 0D 0A  447.0   0.318..
000255 00:42:41.390  20 34 34 36 2E 30 20 20 20 30 2E 33 32 30 0D 0A  446.0   0.320..
000256 00:42:41.406  20 34 34 35 2E 30 20 20 20 30 2E 33 32 32 0D 0A  445.0   0.322..
000257 00:42:41.421  20 34 34 34 2E 30 20 20 20 30 2E 33 32 33 0D 0A  444.0   0.323..
000258 00:42:41.421  20 34 34 33 2E 30 20 20 20 30 2E 33 32 35 0D 0A  443.0   0.325..
000259 00:42:41.437  20 34 34 32 2E 30 20 20 20 30 2E 33 32 36 0D 0A  442.0   0.326..
000260 00:42:41.468  20 34 34 31 2E 30 20 20 20 30 2E 33 32 38 0D 0A  441.0   0.328..
000261 00:42:41.484  20 34 34 30 2E 30 20 20 20 30 2E 33 33 30 0D 0A  440.0   0.330..
000262 00:42:41.500  20 34 33 39 2E 30 20 20 20 30 2E 33 33 32 0D 0A  439.0   0.332..
000263 00:42:41.515  20 34 33 38 2E 30 20 20 20 30 2E 33 33 34 0D 0A  438.0   0.334..
000264 00:42:41.531  20 34 33 37 2E 30 20 20 20 30 2E 33 33 36 0D 0A  437.0   0.336..
000265 00:42:41.546  20 34 33 36 2E 30 20 20 20 30 2E 33 33 38 0D 0A  436.0   0.338..
000266 00:42:41.562  20 34 33 35 2E 30 20 20 20 30 2E 33 34 30 0D 0A  435.0   0.340..
000267 00:42:41.593  20 34 33 34 2E 30 20 20 20 30 2E 33 34 33 0D 0A  434.0   0.343..
000268 00:42:41.609  20 34 33 33 2E 30 20 20 20 30 2E 33 34 35 0D 0A  433.0   0.345..
000269 00:42:41.625  20 34 33 32 2E 30 20 20 20 30 2E 33 34 38 0D 0A  432.0   0.348..
000270 00:42:41.640  20 34 33 31 2E 30 20 20 20 30 2E 33 35 31 0D 0A  431.0   0.351..
000271 00:42:41.656  20 34 33 30 2E 30 20 20 20 30 2E 33 35 34 0D 0A  430.0   0.354..
000272 00:42:41.671  20 34 32 39 2E 30 20 20 20 30 2E 33 35 37 0D 0A  429.0   0.357..
000273 00:42:41.687  20 34 32 38 2E 30 20 20 20 30 2E 33 36 31 0D 0A  428.0   0.361..
000274 00:42:41.703  20 34 32 37 2E 30 20 20 20 30 2E 33 36 35 0D 0A  427.0   0.365..
000275 00:42:41.718  20 34 32 36 2E 30 20 20 20 30 2E 33 36 38 0D 0A  426.0   0.368..
000276 00:42:41.734  20 34 32 35 2E 30 20 20 20 30 2E 33 37 33 0D 0A  425.0   0.373..
000277 00:42:41.750  20 34 32 34 2E 30 20 20 20 30 2E 33 37 37 0D 0A  424.0   0.377..
000278 00:42:41.765  20 34 32 33 2E 30 20 20 20 30 2E 33 38 32 0D 0A  423.0   0.382..
000279 00:42:41.781  20 34 32 32 2E 30 20 20 20 30 2E 33 38 37 0D 0A  422.0   0.387..
000280 00:42:41.796  20 34 32 31 2E 30 20 20 20 30 2E 33 39 33 0D 0A  421.0   0.393..
000281 00:42:41.828  20 34 32 30 2E 30 20 20 20 30 2E 33 39 38 0D 0A  420.0   0.398..
000282 00:42:41.843  20 34 31 39 2E 30 20 20 20 30 2E 34 30 34 0D 0A  419.0   0.404..
000283 00:42:41.859  20 34 31 38 2E 30 20 20 20 30 2E 34 31 30 0D 0A  418.0   0.410..
000284 00:42:41.875  20 34 31 37 2E 30 20 20 20 30 2E 34 31 36 0D 0A  417.0   0.416..
000285 00:42:41.890  20 34 31 36 2E 30 20 20 20 30 2E 34 32 33 0D 0A  416.0   0.423..
000286 00:42:41.906  20 34 31 35 2E 30 20 20 20 30 2E 34 32 38 0D 0A  415.0   0.428..
000287 00:42:41.921  20 34 31 34 2E 30 20 20 20 30 2E 34 33 34 0D 0A  414.0   0.434..
000288 00:42:41.937  20 34 31 33 2E 30 20 20 20 30 2E 34 34 30 0D 0A  413.0   0.440..
000289 00:42:41.953  20 34 31 32 2E 30 20 20 20 30 2E 34 34 36 0D 0A  412.0   0.446..
000290 00:42:41.968  20 34 31 31 2E 30 20 20 20 30 2E 34 35 33 0D 0A  411.0   0.453..
000291 00:42:41.984  20 34 31 30 2E 30 20 20 20 30 2E 34 35 38 0D 0A  410.0   0.458..
000292 00:42:42.015  20 34 30 39 2E 30 20 20 20 30 2E 34 36 33 0D 0A  409.0   0.463..
000293 00:42:42.015  20 34 30 38 2E 30 20 20 20 30 2E 34 36 37 0D 0A  408.0   0.467..
000294 00:42:42.031  20 34 30 37 2E 30 20 20 20 30 2E 34 37 31 0D 0A  407.0   0.471..
000295 00:42:42.062  20 34 30 36 2E 30 20 20 20 30 2E 34 37 33 0D 0A  406.0   0.473..
000296 00:42:42.078  20 34 30 35 2E 30 20 20 20 30 2E 34 37 35 0D 0A  405.0   0.475..
000297 00:42:42.093  20 34 30 34 2E 30 20 20 20 30 2E 34 37 36 0D 0A  404.0   0.476..
000298 00:42:42.109  20 34 30 33 2E 30 20 20 20 30 2E 34 37 36 0D 0A  403.0   0.476..
000299 00:42:42.125  20 34 30 32 2E 30 20 20 20 30 2E 34 37 35 0D 0A  402.0   0.475..
000300 00:42:42.140  20 34 30 31 2E 30 20 20 20 30 2E 34 37 34 0D 0A  401.0   0.474..
000301 00:42:42.156  20 34 30 30 2E 30 20 20 20 30 2E 34 37 33 0D 0A  400.0   0.473..
000302 00:42:42.187  20 33 39 39 2E 30 20 20 20 30 2E 34 37 31 0D 0A  399.0   0.471..
000303 00:42:42.203  20 33 39 38 2E 30 20 20 20 30 2E 34 36 39 0D 0A  398.0   0.469..
000304 00:42:42.203  20 33 39 37 2E 30 20 20 20 30 2E 34 36 37 0D 0A  397.0   0.467..
000305 00:42:42.218  20 33 39 36 2E 30 20 20 20 30 2E 34 36 35 0D 0A  396.0   0.465..
000306 00:42:42.234  20 33 39 35 2E 30 20 20 20 30 2E 34 36 34 0D 0A  395.0   0.464..
000307 00:42:42.250  20 33 39 34 2E 30 20 20 20 30 2E 34 36 33 0D 0A  394.0   0.463..
000308 00:42:42.265  20 33 39 33 2E 30 20 20 20 30 2E 34 36 31 0D 0A  393.0   0.461..
000309 00:42:42.296  20 33 39 32 2E 30 20 20 20 30 2E 34 36 30 0D 0A  392.0   0.460..
000310 00:42:42.312  20 33 39 31 2E 30 20 20 20 30 2E 34 36 30 0D 0A  391.0   0.460..
000311 00:42:42.328  20 33 39 30 2E 30 20 20 20 30 2E 34 35 39 0D 0A  390.0   0.459..
000312 00:42:42.343  20 33 38 39 2E 30 20 20 20 30 2E 34 35 39 0D 0A  389.0   0.459..
000313 00:42:42.359  20 33 38 38 2E 30 20 20 20 30 2E 34 35 39 0D 0A  388.0   0.459..
000314 00:42:42.375  20 33 38 37 2E 30 20 20 20 30 2E 34 35 39 0D 0A  387.0   0.459..
000315 00:42:42.390  20 33 38 36 2E 30 20 20 20 30 2E 34 35 39 0D 0A  386.0   0.459..
000316 00:42:42.437  20 33 38 35 2E 30 20 20 20 30 2E 34 36 30 0D 0A  385.0   0.460..
000317 00:42:42.437  20 33 38 34 2E 30 20 20 20 30 2E 34 36 30 0D 0A  384.0   0.460..
000318 00:42:42.453  20 33 38 33 2E 30 20 20 20 30 2E 34 36 31 0D 0A  383.0   0.461..
000319 00:42:42.468  20 33 38 32 2E 30 20 20 20 30 2E 34 36 31 0D 0A  382.0   0.461..
000320 00:42:42.468  20 33 38 31 2E 30 20 20 20 30 2E 34 36 32 0D 0A  381.0   0.462..
000321 00:42:42.484  20 33 38 30 2E 30 20 20 20 30 2E 34 36 33 0D 0A  380.0   0.463..
000322 00:42:42.500  20 33 37 39 2E 30 20 20 20 30 2E 34 36 34 0D 0A  379.0   0.464..
000323 00:42:42.531  20 33 37 38 2E 30 20 20 20 30 2E 34 36 35 0D 0A  378.0   0.465..
000324 00:42:42.562  20 33 37 37 2E 30 20 20 20 30 2E 34 36 36 0D 0A  377.0   0.466..
000325 00:42:42.562  20 33 37 36 2E 30 20 20 20 30 2E 34 36 37 0D 0A  376.0   0.467..
000326 00:42:42.578  20 33 37 35 2E 30 20 20 20 30 2E 34 36 39 0D 0A  375.0   0.469..
000327 00:42:42.593  20 33 37 34 2E 30 20 20 20 30 2E 34 37 30 0D 0A  374.0   0.470..
000328 00:42:42.609  20 33 37 33 2E 30 20 20 20 30 2E 34 37 31 0D 0A  373.0   0.471..
000329 00:42:42.625  20 33 37 32 2E 30 20 20 20 30 2E 34 37 33 0D 0A  372.0   0.473..
000330 00:42:42.656  20 33 37 31 2E 30 20 20 20 30 2E 34 37 35 0D 0A  371.0   0.475..
000331 00:42:42.671  20 33 37 30 2E 30 20 20 20 30 2E 34 37 37 0D 0A  370.0   0.477..
000332 00:42:42.687  20 33 36 39 2E 30 20 20 20 30 2E 34 37 38 0D 0A  369.0   0.478..
000333 00:42:42.703  20 33 36 38 2E 30 20 20 20 30 2E 34 38 30 0D 0A  368.0   0.480..
000334 00:42:42.718  20 33 36 37 2E 30 20 20 20 30 2E 34 38 33 0D 0A  367.0   0.483..
000335 00:42:42.734  20 33 36 36 2E 30 20 20 20 30 2E 34 38 35 0D 0A  366.0   0.485..
000336 00:42:42.734  20 33 36 35 2E 30 20 20 20 30 2E 34 38 37 0D 0A  365.0   0.487..
000337 00:42:42.765  20 33 36 34 2E 30 20 20 20 30 2E 34 39 30 0D 0A  364.0   0.490..
000338 00:42:42.781  20 33 36 33 2E 30 20 20 20 30 2E 34 39 32 0D 0A  363.0   0.492..
000339 00:42:42.796  20 33 36 32 2E 30 20 20 20 30 2E 34 39 34 0D 0A  362.0   0.494..
000340 00:42:42.812  20 33 36 31 2E 30 20 20 20 30 2E 34 39 36 0D 0A  361.0   0.496..
000341 00:42:42.828  20 33 36 30 2E 30 20 20 20 30 2E 34 39 39 0D 0A  360.0   0.499..
000342 00:42:42.843  20 33 35 39 2E 30 20 20 20 30 2E 35 30 31 0D 0A  359.0   0.501..
000343 00:42:42.859  20 33 35 38 2E 30 20 20 20 30 2E 35 30 33 0D 0A  358.0   0.503..
000344 00:42:42.890  20 33 35 37 2E 30 20 20 20 30 2E 35 30 36 0D 0A  357.0   0.506..
000345 00:42:42.906  20 33 35 36 2E 30 20 20 20 30 2E 35 30 39 0D 0A  356.0   0.509..
000346 00:42:42.921  20 33 35 35 2E 30 20 20 20 30 2E 35 31 31 0D 0A  355.0   0.511..
000347 00:42:42.937  20 33 35 34 2E 30 20 20 20 30 2E 35 31 34 0D 0A  354.0   0.514..
000348 00:42:42.953  20 33 35 33 2E 30 20 20 20 30 2E 35 31 36 0D 0A  353.0   0.516..
000349 00:42:42.968  20 33 35 32 2E 30 20 20 20 30 2E 35 32 30 0D 0A  352.0   0.520..
000350 00:42:42.984  20 33 35 31 2E 30 20 20 20 30 2E 35 32 32 0D 0A  351.0   0.522..
000351 00:42:43.000  20 33 35 30 2E 30 20 20 20 30 2E 35 32 35 0D 0A  350.0   0.525..
000352 00:42:43.015  20 33 34 39 2E 30 20 20 20 30 2E 35 32 38 0D 0A  349.0   0.528..
000353 00:42:43.031  20 33 34 38 2E 30 20 20 20 30 2E 35 33 30 0D 0A  348.0   0.530..
000354 00:42:43.046  20 33 34 37 2E 30 20 20 20 30 2E 35 33 33 0D 0A  347.0   0.533..
000355 00:42:43.062  20 33 34 36 2E 30 20 20 20 30 2E 35 33 36 0D 0A  346.0   0.536..
000356 00:42:43.093  20 33 34 35 2E 30 20 20 20 30 2E 35 33 39 0D 0A  345.0   0.539..
000357 00:42:43.093  20 33 34 34 2E 30 20 20 20 30 2E 35 34 32 0D 0A  344.0   0.542..
000358 00:42:43.125  20 33 34 33 2E 30 20 20 20 30 2E 35 34 36 0D 0A  343.0   0.546..
000359 00:42:43.140  20 33 34 32 2E 30 20 20 20 30 2E 35 34 38 0D 0A  342.0   0.548..
000360 00:42:43.156  20 33 34 31 2E 30 20 20 20 30 2E 35 35 32 0D 0A  341.0   0.552..
000361 00:42:43.171  20 33 34 30 2E 30 20 20 20 30 2E 35 35 37 0D 0A  340.0   0.557..
000362 00:42:43.187  20 33 33 39 2E 30 20 20 20 30 2E 35 35 39 0D 0A  339.0   0.559..
000363 00:42:43.203  20 33 33 38 2E 30 20 20 20 30 2E 35 36 32 0D 0A  338.0   0.562..
000364 00:42:43.234  20 33 33 37 2E 30 20 20 20 30 2E 35 36 35 0D 0A  337.0   0.565..
000365 00:42:43.250  20 33 33 36 2E 30 20 20 20 30 2E 35 36 39 0D 0A  336.0   0.569..
000366 00:42:43.250  20 33 33 35 2E 30 20 20 20 30 2E 35 37 33 0D 0A  335.0   0.573..
000367 00:42:43.265  20 33 33 34 2E 30 20 20 20 30 2E 35 37 35 0D 0A  334.0   0.575..
000368 00:42:43.281  20 33 33 33 2E 30 20 20 20 30 2E 35 38 30 0D 0A  333.0   0.580..
000369 00:42:43.312  20 33 33 32 2E 30 20 20 20 30 2E 35 38 33 0D 0A  332.0   0.583..
000370 00:42:43.312  20 33 33 31 2E 30 20 20 20 30 2E 35 38 37 0D 0A  331.0   0.587..
000371 00:42:43.328  20 33 33 30 2E 30 20 20 20 30 2E 35 39 31 0D 0A  330.0   0.591..
000372 00:42:43.359  20 33 32 39 2E 30 20 20 20 30 2E 35 39 34 0D 0A  329.0   0.594..
000373 00:42:43.375  20 33 32 38 2E 30 20 20 20 30 2E 35 39 37 0D 0A  328.0   0.597..
000374 00:42:43.390  20 33 32 37 2E 30 20 20 20 30 2E 36 30 31 0D 0A  327.0   0.601..
000375 00:42:43.406  20 33 32 36 2E 30 20 20 20 30 2E 36 30 36 0D 0A  326.0   0.606..
000376 00:42:43.421  20 33 32 35 2E 30 20 20 20 30 2E 36 30 39 0D 0A  325.0   0.609..
000377 00:42:43.437  20 33 32 34 2E 30 20 20 20 30 2E 36 31 33 0D 0A  324.0   0.613..
000378 00:42:43.453  20 33 32 33 2E 30 20 20 20 30 2E 36 31 37 0D 0A  323.0   0.617..
000379 00:42:43.484  20 33 32 32 2E 30 20 20 20 30 2E 36 32 32 0D 0A  322.0   0.622..
000380 00:42:43.500  20 33 32 31 2E 30 20 20 20 30 2E 36 32 36 0D 0A  321.0   0.626..
000381 00:42:43.515  20 33 32 30 2E 30 20 20 20 30 2E 36 33 30 0D 0A  320.0   0.630..
000382 00:42:43.531  20 33 31 39 2E 30 20 20 20 30 2E 36 33 34 0D 0A  319.0   0.634..
000383 00:42:43.531  20 33 31 38 2E 30 20 20 20 30 2E 36 33 39 0D 0A  318.0   0.639..
000384 00:42:43.546  20 33 31 37 2E 30 20 20 20 30 2E 36 34 33 0D 0A  317.0   0.643..
000385 00:42:43.562  20 33 31 36 2E 30 20 20 20 30 2E 36 34 39 0D 0A  316.0   0.649..
000386 00:42:43.593  20 33 31 35 2E 30 20 20 20 30 2E 36 35 34 0D 0A  315.0   0.654..
000387 00:42:43.609  20 33 31 34 2E 30 20 20 20 30 2E 36 36 30 0D 0A  314.0   0.660..
000388 00:42:43.625  20 33 31 33 2E 30 20 20 20 30 2E 36 36 36 0D 0A  313.0   0.666..
000389 00:42:43.640  20 33 31 32 2E 30 20 20 20 30 2E 36 37 32 0D 0A  312.0   0.672..
000390 00:42:43.656  20 33 31 31 2E 30 20 20 20 30 2E 36 38 32 0D 0A  311.0   0.682..
000391 00:42:43.671  20 33 31 30 2E 30 20 20 20 30 2E 36 39 31 0D 0A  310.0   0.691..
000392 00:42:43.687  20 33 30 39 2E 30 20 20 20 30 2E 37 30 30 0D 0A  309.0   0.700..
000393 00:42:43.718  20 33 30 38 2E 30 20 20 20 30 2E 37 31 32 0D 0A  308.0   0.712..
000394 00:42:43.734  20 33 30 37 2E 30 20 20 20 30 2E 37 32 37 0D 0A  307.0   0.727..
000395 00:42:43.750  20 33 30 36 2E 30 20 20 20 30 2E 37 35 36 0D 0A  306.0   0.756..
000396 00:42:43.781  20 33 30 35 2E 30 20 20 20 30 2E 37 37 32 0D 0A  305.0   0.772..
000397 00:42:43.781  20 33 30 34 2E 30 20 20 20 30 2E 37 39 37 0D 0A  304.0   0.797..
000398 00:42:43.781  20 33 30 33 2E 30 20 20 20 30 2E 38 32 38 0D 0A  303.0   0.828..
000399 00:42:43.796  20 33 30 32 2E 30 20 20 20 30 2E 38 36 36 0D 0A  302.0   0.866..
000400 00:42:43.828  20 33 30 31 2E 30 20 20 20 30 2E 39 30 39 0D 0A  301.0   0.909..
000401 00:42:43.843  20 33 30 30 2E 30 20 20 20 30 2E 39 35 38 0D 0A  300.0   0.958..
000402 00:42:43.859  20 32 39 39 2E 30 20 20 20 31 2E 30 32 30 0D 0A  299.0   1.020..
000403 00:42:43.875  20 32 39 38 2E 30 20 20 20 31 2E 30 39 30 0D 0A  298.0   1.090..
000404 00:42:43.890  20 32 39 37 2E 30 20 20 20 31 2E 31 36 35 0D 0A  297.0   1.165..
000405 00:42:43.906  20 32 39 36 2E 30 20 20 20 31 2E 32 35 35 0D 0A  296.0   1.255..
000406 00:42:43.921  20 32 39 35 2E 30 20 20 20 31 2E 33 36 34 0D 0A  295.0   1.364..
000407 00:42:43.953  20 32 39 34 2E 30 20 20 20 31 2E 34 39 34 0D 0A  294.0   1.494..
000408 00:42:43.968  20 32 39 33 2E 30 20 20 20 31 2E 36 32 36 0D 0A  293.0   1.626..
000409 00:42:43.984  20 32 39 32 2E 30 20 20 20 31 2E 37 36 37 0D 0A  292.0   1.767..
000410 00:42:44.000  20 32 39 31 2E 30 20 20 20 31 2E 39 32 32 0D 0A  291.0   1.922..
000411 00:42:44.015  20 32 39 30 2E 30 20 20 20 32 2E 30 36 37 0D 0A  290.0   2.067..
000412 00:42:44.031  20 32 38 39 2E 30 20 20 20 32 2E 32 30 35 0D 0A  289.0   2.205..
000413 00:42:44.046  20 32 38 38 2E 30 20 20 20 32 2E 33 36 30 0D 0A  288.0   2.360..
000414 00:42:44.062  20 32 38 37 2E 30 20 20 20 32 2E 34 38 36 0D 0A  287.0   2.486..
000415 00:42:44.078  20 32 38 36 2E 30 20 20 20 32 2E 36 33 34 0D 0A  286.0   2.634..
000416 00:42:44.093  20 32 38 35 2E 30 20 20 20 32 2E 37 37 32 0D 0A  285.0   2.772..
000417 00:42:44.109  20 32 38 34 2E 30 20 20 20 32 2E 39 31 33 0D 0A  284.0   2.913..
000418 00:42:44.125  20 32 38 33 2E 30 20 20 20 33 2E 30 34 32 0D 0A  283.0   3.042..
000419 00:42:44.140  20 32 38 32 2E 30 20 20 20 33 2E 30 34 35 0D 0A  282.0   3.045..
000420 00:42:44.156  20 32 38 31 2E 30 20 20 20 33 2E 31 32 39 0D 0A  281.0   3.129..
000421 00:42:44.187  20 32 38 30 2E 30 20 20 20 33 2E 32 33 30 0D 0A  280.0   3.230..
000422 00:42:44.203  20 32 37 39 2E 30 20 20 20 33 2E 32 33 34 0D 0A  279.0   3.234..
000423 00:42:44.218  20 32 37 38 2E 30 20 20 20 33 2E 32 33 39 0D 0A  278.0   3.239..
000424 00:42:44.234  20 32 37 37 2E 30 20 20 20 33 2E 33 36 38 0D 0A  277.0   3.368..
000425 00:42:44.250  20 32 37 36 2E 30 20 20 20 33 2E 32 34 39 0D 0A  276.0   3.249..
000426 00:42:44.265  20 32 37 35 2E 30 20 20 20 33 2E 32 35 35 0D 0A  275.0   3.255..
000427 00:42:44.281  20 32 37 34 2E 30 20 20 20 33 2E 32 36 32 0D 0A  274.0   3.262..
000428 00:42:44.328  20 32 37 33 2E 30 20 20 20 33 2E 31 37 32 0D 0A  273.0   3.172..
000429 00:42:44.328  20 32 37 32 2E 30 20 20 20 33 2E 31 38 30 0D 0A  272.0   3.180..
000430 00:42:44.328  20 32 37 31 2E 30 20 20 20 33 2E 31 31 30 0D 0A  271.0   3.110..
000431 00:42:44.343  20 32 37 30 2E 30 20 20 20 32 2E 39 34 33 0D 0A  270.0   2.943..
000432 00:42:44.359  20 32 36 39 2E 30 20 20 20 32 2E 39 35 33 0D 0A  269.0   2.953..
000433 00:42:44.375  20 32 36 38 2E 30 20 20 20 32 2E 38 37 37 0D 0A  268.0   2.877..
000434 00:42:44.390  20 32 36 37 2E 30 20 20 20 32 2E 38 31 37 0D 0A  267.0   2.817..
000435 00:42:44.421  20 32 36 36 2E 30 20 20 20 32 2E 37 36 37 0D 0A  266.0   2.767..
000436 00:42:44.437  20 32 36 35 2E 30 20 20 20 32 2E 37 30 30 0D 0A  265.0   2.700..
000437 00:42:44.453  20 32 36 34 2E 30 20 20 20 32 2E 36 32 36 0D 0A  264.0   2.626..
000438 00:42:44.468  20 32 36 33 2E 30 20 20 20 32 2E 35 35 30 0D 0A  263.0   2.550..
000439 00:42:44.484  20 32 36 32 2E 30 20 20 20 32 2E 35 30 31 0D 0A  262.0   2.501..
000440 00:42:44.500  20 32 36 31 2E 30 20 20 20 32 2E 34 34 38 0D 0A  261.0   2.448..
000441 00:42:44.515  20 32 36 30 2E 30 20 20 20 32 2E 33 38 34 0D 0A  260.0   2.384..
000442 00:42:44.546  20 32 35 39 2E 30 20 20 20 32 2E 33 33 39 0D 0A  259.0   2.339..
000443 00:42:44.562  20 32 35 38 2E 30 20 20 20 32 2E 33 32 34 0D 0A  258.0   2.324..
000444 00:42:44.562  20 32 35 37 2E 30 20 20 20 32 2E 32 34 34 0D 0A  257.0   2.244..
000445 00:42:44.578  20 32 35 36 2E 30 20 20 20 32 2E 32 32 39 0D 0A  256.0   2.229..
000446 00:42:44.593  20 32 35 35 2E 30 20 20 20 32 2E 31 39 32 0D 0A  255.0   2.192..
000447 00:42:44.609  20 32 35 34 2E 30 20 20 20 32 2E 31 38 30 0D 0A  254.0   2.180..
000448 00:42:44.625  20 32 35 33 2E 30 20 20 20 32 2E 31 39 31 0D 0A  253.0   2.191..
000449 00:42:44.656  20 32 35 32 2E 30 20 20 20 32 2E 31 38 30 0D 0A  252.0   2.180..
000450 00:42:44.671  20 32 35 31 2E 30 20 20 20 32 2E 32 31 33 0D 0A  251.0   2.213..
000451 00:42:44.687  20 32 35 30 2E 30 20 20 20 32 2E 32 32 33 0D 0A  250.0   2.223..
000452 00:42:44.703  20 32 34 39 2E 30 20 20 20 32 2E 32 35 36 0D 0A  249.0   2.256..
000453 00:42:44.718  20 32 34 38 2E 30 20 20 20 32 2E 33 31 34 0D 0A  248.0   2.314..
000454 00:42:44.734  20 32 34 37 2E 30 20 20 20 32 2E 34 30 38 0D 0A  247.0   2.408..
000455 00:42:44.750  20 32 34 36 2E 30 20 20 20 32 2E 34 38 35 0D 0A  246.0   2.485..
000456 00:42:44.781  20 32 34 35 2E 30 20 20 20 32 2E 36 31 39 0D 0A  245.0   2.619..
000457 00:42:44.796  20 32 34 34 2E 30 20 20 20 32 2E 37 33 36 0D 0A  244.0   2.736..
000458 00:42:44.812  20 32 34 33 2E 30 20 20 20 32 2E 38 39 30 0D 0A  243.0   2.890..
000459 00:42:44.828  20 32 34 32 2E 30 20 20 20 33 2E 31 32 30 0D 0A  242.0   3.120..
000460 00:42:44.828  20 32 34 31 2E 30 20 20 20 33 2E 33 30 33 0D 0A  241.0   3.303..
000461 00:42:44.843  20 32 34 30 2E 30 20 20 20 33 2E 36 30 39 0D 0A  240.0   3.609..
000462 00:42:44.859  20 32 33 39 2E 30 20 20 20 34 2E 30 30 30 0D 0A  239.0   4.000..
000463 00:42:44.890  20 32 33 38 2E 30 20 20 20 34 2E 30 30 30 0D 0A  238.0   4.000..
000464 00:42:44.906  20 32 33 37 2E 30 20 20 20 34 2E 30 30 30 0D 0A  237.0   4.000..
000465 00:42:44.921  20 32 33 36 2E 30 20 20 20 34 2E 30 30 30 0D 0A  236.0   4.000..
000466 00:42:44.937  20 32 33 35 2E 30 20 20 20 34 2E 30 30 30 0D 0A  235.0   4.000..
000467 00:42:44.953  20 32 33 34 2E 30 20 20 20 34 2E 30 30 30 0D 0A  234.0   4.000..
000468 00:42:44.968  20 32 33 33 2E 30 20 20 20 34 2E 30 30 30 0D 0A  233.0   4.000..
000469 00:42:45.000  20 32 33 32 2E 30 20 20 20 34 2E 30 30 30 0D 0A  232.0   4.000..
000470 00:42:45.015  20 32 33 31 2E 30 20 20 20 34 2E 30 30 30 0D 0A  231.0   4.000..
000471 00:42:45.031  20 32 33 30 2E 30 20 20 20 34 2E 30 30 30 0D 0A  230.0   4.000..
000472 00:42:45.046  20 32 32 39 2E 30 20 20 20 34 2E 30 30 30 0D 0A  229.0   4.000..
000473 00:42:45.062  20 32 32 38 2E 30 20 20 20 34 2E 30 30 30 0D 0A  228.0   4.000..
000474 00:42:45.078  20 32 32 37 2E 30 20 20 20 34 2E 30 30 30 0D 0A  227.0   4.000..
000475 00:42:45.093  20 32 32 36 2E 30 20 20 20 34 2E 30 30 30 0D 0A  226.0   4.000..
000476 00:42:45.093  20 32 32 35 2E 30 20 20 20 34 2E 30 30 30 0D 0A  225.0   4.000..
000477 00:42:45.125  20 32 32 34 2E 30 20 20 20 34 2E 30 30 30 0D 0A  224.0   4.000..
000478 00:42:45.140  20 32 32 33 2E 30 20 20 20 34 2E 30 30 30 0D 0A  223.0   4.000..
000479 00:42:45.156  20 32 32 32 2E 30 20 20 20 34 2E 30 30 30 0D 0A  222.0   4.000..
000480 00:42:45.171  20 32 32 31 2E 30 20 20 20 34 2E 30 30 30 0D 0A  221.0   4.000..
000481 00:42:45.203  20 32 32 30 2E 30 20 20 20 34 2E 30 30 30 0D 0A  220.0   4.000..
000482 00:42:45.203  20 32 31 39 2E 30 20 20 20 34 2E 30 30 30 0D 0A  219.0   4.000..
000483 00:42:45.218  20 32 31 38 2E 30 20 20 20 34 2E 30 30 30 0D 0A  218.0   4.000..
000484 00:42:45.250  20 32 31 37 2E 30 20 20 20 34 2E 30 30 30 0D 0A  217.0   4.000..
000485 00:42:45.265  20 32 31 36 2E 30 20 20 20 34 2E 30 30 30 0D 0A  216.0   4.000..
000486 00:42:45.281  20 32 31 35 2E 30 20 20 20 34 2E 30 30 30 0D 0A  215.0   4.000..
000487 00:42:45.296  20 32 31 34 2E 30 20 20 20 34 2E 30 30 30 0D 0A  214.0   4.000..
000488 00:42:45.312  20 32 31 33 2E 30 20 20 20 34 2E 30 30 30 0D 0A  213.0   4.000..
000489 00:42:45.328  20 32 31 32 2E 30 20 20 20 34 2E 30 30 30 0D 0A  212.0   4.000..
000490 00:42:45.343  20 32 31 31 2E 30 20 20 20 34 2E 30 30 30 0D 0A  211.0   4.000..
000491 00:42:45.359  20 32 31 30 2E 30 20 20 20 34 2E 30 30 30 0D 0A  210.0   4.000..
000492 00:42:45.375  20 32 30 39 2E 30 20 20 20 34 2E 30 30 30 0D 0A  209.0   4.000..
000493 00:42:45.390  20 32 30 38 2E 30 20 20 20 34 2E 30 30 30 0D 0A  208.0   4.000..
000494 00:42:45.421  20 32 30 37 2E 30 20 20 20 34 2E 30 30 30 0D 0A  207.0   4.000..
000495 00:42:45.421  20 32 30 36 2E 30 20 20 20 34 2E 30 30 30 0D 0A  206.0   4.000..
000496 00:42:45.437  20 32 30 35 2E 30 20 20 20 34 2E 30 30 30 0D 0A  205.0   4.000..
000497 00:42:45.453  20 32 30 34 2E 30 20 20 20 34 2E 30 30 30 0D 0A  204.0   4.000..
000498 00:42:45.484  20 32 30 33 2E 30 20 20 20 34 2E 30 30 30 0D 0A  203.0   4.000..
000499 00:42:45.500  20 32 30 32 2E 30 20 20 20 34 2E 30 30 30 0D 0A  202.0   4.000..
000500 00:42:45.515  20 32 30 31 2E 30 20 20 20 34 2E 30 30 30 0D 0A  201.0   4.000..
000501 00:42:45.531  20 32 30 30 2E 30 20 20 20 34 2E 30 30 30 0D 0A  200.0   4.000..
000502 00:42:45.546  20 31 39 39 2E 30 20 20 20 34 2E 30 30 30 0D 0A  199.0   4.000..
000503 00:42:45.562  20 31 39 38 2E 30 20 20 20 34 2E 30 30 30 0D 0A  198.0   4.000..
000504 00:42:45.578  20 31 39 37 2E 30 20 20 20 34 2E 30 30 30 0D 0A  197.0   4.000..
000505 00:42:45.609  20 31 39 36 2E 30 20 20 20 34 2E 30 30 30 0D 0A  196.0   4.000..
000506 00:42:45.609  20 31 39 35 2E 30 20 20 20 34 2E 30 30 30 0D 0A  195.0   4.000..
000507 00:42:45.625  20 31 39 34 2E 30 20 20 20 34 2E 30 30 30 0D 0A  194.0   4.000..
000508 00:42:45.640  20 31 39 33 2E 30 20 20 20 34 2E 30 30 30 0D 0A  193.0   4.000..
000509 00:42:45.656  20 31 39 32 2E 30 20 20 20 34 2E 30 30 30 0D 0A  192.0   4.000..
000510 00:42:45.671  20 31 39 31 2E 30 20 20 20 34 2E 30 30 30 0D 0A  191.0   4.000..
000511 00:42:45.687  20 31 39 30 2E 30 20 20 20 34 2E 30 30 30 0D 0A  190.0   4.000..
000512 00:42:45.703  1A                                              .
