000001 01:24:08.578  20 37 30 30 2E 30 20 20 20 30 2E 30 31 35 0D 0A  700.0   0.015..
000002 01:24:08.593  20 36 39 39 2E 30 20 20 20 30 2E 30 31 35 0D 0A  699.0   0.015..
000003 01:24:08.609  20 36 39 38 2E 30 20 20 20 30 2E 30 31 35 0D 0A  698.0   0.015..
000004 01:24:08.625  20 36 39 37 2E 30 20 20 20 30 2E 30 31 35 0D 0A  697.0   0.015..
000005 01:24:08.640  20 36 39 36 2E 30 20 20 20 30 2E 30 31 36 0D 0A  696.0   0.016..
000006 01:24:08.656  20 36 39 35 2E 30 20 20 20 30 2E 30 31 36 0D 0A  695.0   0.016..
000007 01:24:08.671  20 36 39 34 2E 30 20 20 20 30 2E 30 31 36 0D 0A  694.0   0.016..
000008 01:24:08.703  20 36 39 33 2E 30 20 20 20 30 2E 30 31 36 0D 0A  693.0   0.016..
000009 01:24:08.718  20 36 39 32 2E 30 20 20 20 30 2E 30 31 36 0D 0A  692.0   0.016..
000010 01:24:08.734  20 36 39 31 2E 30 20 20 20 30 2E 30 31 36 0D 0A  691.0   0.016..
000011 01:24:08.750  20 36 39 30 2E 30 20 20 20 30 2E 30 31 36 0D 0A  690.0   0.016..
000012 01:24:08.765  20 36 38 39 2E 30 20 20 20 30 2E 30 31 36 0D 0A  689.0   0.016..
000013 01:24:08.781  20 36 38 38 2E 30 20 20 20 30 2E 30 31 36 0D 0A  688.0   0.016..
000014 01:24:08.796  20 36 38 37 2E 30 20 20 20 30 2E 30 31 36 0D 0A  687.0   0.016..
000015 01:24:08.828  20 36 38 36 2E 30 20 20 20 30 2E 30 31 36 0D 0A  686.0   0.016..
000016 01:24:08.843  20 36 38 35 2E 30 20 20 20 30 2E 30 31 36 0D 0A  685.0   0.016..
000017 01:24:08.843  20 36 38 34 2E 30 20 20 20 30 2E 30 31 36 0D 0A  684.0   0.016..
000018 01:24:08.859  20 36 38 33 2E 30 20 20 20 30 2E 30 31 37 0D 0A  683.0   0.017..
000019 01:24:08.875  20 36 38 32 2E 30 20 20 20 30 2E 30 31 36 0D 0A  682.0   0.016..
000020 01:24:08.890  20 36 38 31 2E 30 20 20 20 30 2E 30 31 36 0D 0A  681.0   0.016..
000021 01:24:08.906  20 36 38 30 2E 30 20 20 20 30 2E 30 31 36 0D 0A  680.0   0.016..
000022 01:24:08.937  20 36 37 39 2E 30 20 20 20 30 2E 30 31 36 0D 0A  679.0   0.016..
000023 01:24:08.953  20 36 37 38 2E 30 20 20 20 30 2E 30 31 36 0D 0A  678.0   0.016..
000024 01:24:08.968  20 36 37 37 2E 30 20 20 20 30 2E 30 31 37 0D 0A  677.0   0.017..
000025 01:24:08.984  20 36 37 36 2E 30 20 20 20 30 2E 30 31 37 0D 0A  676.0   0.017..
000026 01:24:09.000  20 36 37 35 2E 30 20 20 20 30 2E 30 31 37 0D 0A  675.0   0.017..
000027 01:24:09.015  20 36 37 34 2E 30 20 20 20 30 2E 30 31 37 0D 0A  674.0   0.017..
000028 01:24:09.031  20 36 37 33 2E 30 20 20 20 30 2E 30 31 37 0D 0A  673.0   0.017..
000029 01:24:09.062  20 36 37 32 2E 30 20 20 20 30 2E 30 31 37 0D 0A  672.0   0.017..
000030 01:24:09.078  20 36 37 31 2E 30 20 20 20 30 2E 30 31 37 0D 0A  671.0   0.017..
000031 01:24:09.093  20 36 37 30 2E 30 20 20 20 30 2E 30 31 37 0D 0A  670.0   0.017..
000032 01:24:09.093  20 36 36 39 2E 30 20 20 20 30 2E 30 31 37 0D 0A  669.0   0.017..
000033 01:24:09.140  20 36 36 38 2E 30 20 20 20 30 2E 30 31 37 0D 0A  668.0   0.017..
000034 01:24:09.140  20 36 36 37 2E 30 20 20 20 30 2E 30 31 38 0D 0A  667.0   0.018..
000035 01:24:09.140  20 36 36 36 2E 30 20 20 20 30 2E 30 31 38 0D 0A  666.0   0.018..
000036 01:24:09.171  20 36 36 35 2E 30 20 20 20 30 2E 30 31 38 0D 0A  665.0   0.018..
000037 01:24:09.187  20 36 36 34 2E 30 20 20 20 30 2E 30 31 38 0D 0A  664.0   0.018..
000038 01:24:09.203  20 36 36 33 2E 30 20 20 20 30 2E 30 31 38 0D 0A  663.0   0.018..
000039 01:24:09.218  20 36 36 32 2E 30 20 20 20 30 2E 30 31 38 0D 0A  662.0   0.018..
000040 01:24:09.234  20 36 36 31 2E 30 20 20 20 30 2E 30 31 38 0D 0A  661.0   0.018..
000041 01:24:09.250  20 36 36 30 2E 30 20 20 20 30 2E 30 31 38 0D 0A  660.0   0.018..
000042 01:24:09.265  20 36 35 39 2E 30 20 20 20 30 2E 30 31 39 0D 0A  659.0   0.019..
000043 01:24:09.296  20 36 35 38 2E 30 20 20 20 30 2E 30 31 39 0D 0A  658.0   0.019..
000044 01:24:09.312  20 36 35 37 2E 30 20 20 20 30 2E 30 31 39 0D 0A  657.0   0.019..
000045 01:24:09.328  20 36 35 36 2E 30 20 20 20 30 2E 30 31 39 0D 0A  656.0   0.019..
000046 01:24:09.343  20 36 35 35 2E 30 20 20 20 30 2E 30 31 39 0D 0A  655.0   0.019..
000047 01:24:09.359  20 36 35 34 2E 30 20 20 20 30 2E 30 31 39 0D 0A  654.0   0.019..
000048 01:24:09.359  20 36 35 33 2E 30 20 20 20 30 2E 30 32 30 0D 0A  653.0   0.020..
000049 01:24:09.375  20 36 35 32 2E 30 20 20 20 30 2E 30 32 30 0D 0A  652.0   0.020..
000050 01:24:09.406  20 36 35 31 2E 30 20 20 20 30 2E 30 32 30 0D 0A  651.0   0.020..
000051 01:24:09.421  20 36 35 30 2E 30 20 20 20 30 2E 30 32 30 0D 0A  650.0   0.020..
000052 01:24:09.437  20 36 34 39 2E 30 20 20 20 30 2E 30 32 30 0D 0A  649.0   0.020..
000053 01:24:09.453  20 36 34 38 2E 30 20 20 20 30 2E 30 32 31 0D 0A  648.0   0.021..
000054 01:24:09.468  20 36 34 37 2E 30 20 20 20 30 2E 30 32 31 0D 0A  647.0   0.021..
000055 01:24:09.484  20 36 34 36 2E 30 20 20 20 30 2E 30 32 31 0D 0A  646.0   0.021..
000056 01:24:09.500  20 36 34 35 2E 30 20 20 20 30 2E 30 32 30 0D 0A  645.0   0.020..
000057 01:24:09.531  20 36 34 34 2E 30 20 20 20 30 2E 30 32 31 0D 0A  644.0   0.021..
000058 01:24:09.546  20 36 34 33 2E 30 20 20 20 30 2E 30 32 31 0D 0A  643.0   0.021..
000059 01:24:09.562  20 36 34 32 2E 30 20 20 20 30 2E 30 32 31 0D 0A  642.0   0.021..
000060 01:24:09.578  20 36 34 31 2E 30 20 20 20 30 2E 30 32 31 0D 0A  641.0   0.021..
000061 01:24:09.593  20 36 34 30 2E 30 20 20 20 30 2E 30 32 30 0D 0A  640.0   0.020..
000062 01:24:09.609  20 36 33 39 2E 30 20 20 20 30 2E 30 32 31 0D 0A  639.0   0.021..
000063 01:24:09.625  20 36 33 38 2E 30 20 20 20 30 2E 30 32 31 0D 0A  638.0   0.021..
000064 01:24:09.640  20 36 33 37 2E 30 20 20 20 30 2E 30 32 32 0D 0A  637.0   0.022..
000065 01:24:09.703  20 36 33 36 2E 30 20 20 20 30 2E 30 32 33 0D 0A  636.0   0.023..
000066 01:24:09.703  20 36 33 35 2E 30 20 20 20 30 2E 30 32 33 0D 0A  635.0   0.023..
000067 01:24:09.703  20 36 33 34 2E 30 20 20 20 30 2E 30 32 34 0D 0A  634.0   0.024..
000068 01:24:09.703  20 36 33 33 2E 30 20 20 20 30 2E 30 32 34 0D 0A  633.0   0.024..
000069 01:24:09.718  20 36 33 32 2E 30 20 20 20 30 2E 30 32 34 0D 0A  632.0   0.024..
000070 01:24:09.734  20 36 33 31 2E 30 20 20 20 30 2E 30 32 34 0D 0A  631.0   0.024..
000071 01:24:09.765  20 36 33 30 2E 30 20 20 20 30 2E 30 32 34 0D 0A  630.0   0.024..
000072 01:24:09.781  20 36 32 39 2E 30 20 20 20 30 2E 30 32 34 0D 0A  629.0   0.024..
000073 01:24:09.796  20 36 32 38 2E 30 20 20 20 30 2E 30 32 34 0D 0A  628.0   0.024..
000074 01:24:09.812  20 36 32 37 2E 30 20 20 20 30 2E 30 32 34 0D 0A  627.0   0.024..
000075 01:24:09.828  20 36 32 36 2E 30 20 20 20 30 2E 30 32 34 0D 0A  626.0   0.024..
000076 01:24:09.843  20 36 32 35 2E 30 20 20 20 30 2E 30 32 34 0D 0A  625.0   0.024..
000077 01:24:09.859  20 36 32 34 2E 30 20 20 20 30 2E 30 32 34 0D 0A  624.0   0.024..
000078 01:24:09.890  20 36 32 33 2E 30 20 20 20 30 2E 30 32 34 0D 0A  623.0   0.024..
000079 01:24:09.890  20 36 32 32 2E 30 20 20 20 30 2E 30 32 34 0D 0A  622.0   0.024..
000080 01:24:09.906  20 36 32 31 2E 30 20 20 20 30 2E 30 32 34 0D 0A  621.0   0.024..
000081 01:24:09.921  20 36 32 30 2E 30 20 20 20 30 2E 30 32 34 0D 0A  620.0   0.024..
000082 01:24:09.937  20 36 31 39 2E 30 20 20 20 30 2E 30 32 34 0D 0A  619.0   0.024..
000083 01:24:09.953  20 36 31 38 2E 30 20 20 20 30 2E 30 32 35 0D 0A  618.0   0.025..
000084 01:24:09.968  20 36 31 37 2E 30 20 20 20 30 2E 30 32 35 0D 0A  617.0   0.025..
000085 01:24:10.000  20 36 31 36 2E 30 20 20 20 30 2E 30 32 35 0D 0A  616.0   0.025..
000086 01:24:10.015  20 36 31 35 2E 30 20 20 20 30 2E 30 32 35 0D 0A  615.0   0.025..
000087 01:24:10.031  20 36 31 34 2E 30 20 20 20 30 2E 30 32 35 0D 0A  614.0   0.025..
000088 01:24:10.046  20 36 31 33 2E 30 20 20 20 30 2E 30 32 35 0D 0A  613.0   0.025..
000089 01:24:10.062  20 36 31 32 2E 30 20 20 20 30 2E 30 32 35 0D 0A  612.0   0.025..
000090 01:24:10.078  20 36 31 31 2E 30 20 20 20 30 2E 30 32 35 0D 0A  611.0   0.025..
000091 01:24:10.093  20 36 31 30 2E 30 20 20 20 30 2E 30 32 35 0D 0A  610.0   0.025..
000092 01:24:10.125  20 36 30 39 2E 30 20 20 20 30 2E 30 32 35 0D 0A  609.0   0.025..
000093 01:24:10.140  20 36 30 38 2E 30 20 20 20 30 2E 30 32 35 0D 0A  608.0   0.025..
000094 01:24:10.156  20 36 30 37 2E 30 20 20 20 30 2E 30 32 35 0D 0A  607.0   0.025..
000095 01:24:10.156  20 36 30 36 2E 30 20 20 20 30 2E 30 32 35 0D 0A  606.0   0.025..
000096 01:24:10.171  20 36 30 35 2E 30 20 20 20 30 2E 30 32 35 0D 0A  605.0   0.025..
000097 01:24:10.187  20 36 30 34 2E 30 20 20 20 30 2E 30 32 35 0D 0A  604.0   0.025..
000098 01:24:10.203  20 36 30 33 2E 30 20 20 20 30 2E 30 32 35 0D 0A  603.0   0.025..
000099 01:24:10.234  20 36 30 32 2E 30 20 20 20 30 2E 30 32 35 0D 0A  602.0   0.025..
000100 01:24:10.250  20 36 30 31 2E 30 20 20 20 30 2E 30 32 35 0D 0A  601.0   0.025..
000101 01:24:10.265  20 36 30 30 2E 30 20 20 20 30 2E 30 32 35 0D 0A  600.0   0.025..
000102 01:24:10.281  20 35 39 39 2E 30 20 20 20 30 2E 30 32 35 0D 0A  599.0   0.025..
000103 01:24:10.296  20 35 39 38 2E 30 20 20 20 30 2E 30 32 36 0D 0A  598.0   0.026..
000104 01:24:10.312  20 35 39 37 2E 30 20 20 20 30 2E 30 32 36 0D 0A  597.0   0.026..
000105 01:24:10.328  20 35 39 36 2E 30 20 20 20 30 2E 30 32 36 0D 0A  596.0   0.026..
000106 01:24:10.359  20 35 39 35 2E 30 20 20 20 30 2E 30 32 36 0D 0A  595.0   0.026..
000107 01:24:10.375  20 35 39 34 2E 30 20 20 20 30 2E 30 32 36 0D 0A  594.0   0.026..
000108 01:24:10.390  20 35 39 33 2E 30 20 20 20 30 2E 30 32 36 0D 0A  593.0   0.026..
000109 01:24:10.406  20 35 39 32 2E 30 20 20 20 30 2E 30 32 36 0D 0A  592.0   0.026..
000110 01:24:10.406  20 35 39 31 2E 30 20 20 20 30 2E 30 32 36 0D 0A  591.0   0.026..
000111 01:24:10.421  20 35 39 30 2E 30 20 20 20 30 2E 30 32 36 0D 0A  590.0   0.026..
000112 01:24:10.437  20 35 38 39 2E 30 20 20 20 30 2E 30 32 36 0D 0A  589.0   0.026..
000113 01:24:10.468  20 35 38 38 2E 30 20 20 20 30 2E 30 32 36 0D 0A  588.0   0.026..
000114 01:24:10.484  20 35 38 37 2E 30 20 20 20 30 2E 30 32 36 0D 0A  587.0   0.026..
000115 01:24:10.500  20 35 38 36 2E 30 20 20 20 30 2E 30 32 37 0D 0A  586.0   0.027..
000116 01:24:10.515  20 35 38 35 2E 30 20 20 20 30 2E 30 32 37 0D 0A  585.0   0.027..
000117 01:24:10.531  20 35 38 34 2E 30 20 20 20 30 2E 30 32 37 0D 0A  584.0   0.027..
000118 01:24:10.546  20 35 38 33 2E 30 20 20 20 30 2E 30 32 37 0D 0A  583.0   0.027..
000119 01:24:10.562  20 35 38 32 2E 30 20 20 20 30 2E 30 32 37 0D 0A  582.0   0.027..
000120 01:24:10.593  20 35 38 31 2E 30 20 20 20 30 2E 30 32 37 0D 0A  581.0   0.027..
000121 01:24:10.609  20 35 38 30 2E 30 20 20 20 30 2E 30 32 37 0D 0A  580.0   0.027..
000122 01:24:10.625  20 35 37 39 2E 30 20 20 20 30 2E 30 32 38 0D 0A  579.0   0.028..
000123 01:24:10.671  20 35 37 38 2E 30 20 20 20 30 2E 30 32 38 0D 0A  578.0   0.028..
000124 01:24:10.671  20 35 37 37 2E 30 20 20 20 30 2E 30 32 38 0D 0A  577.0   0.028..
000125 01:24:10.671  20 35 37 36 2E 30 20 20 20 30 2E 30 32 38 0D 0A  576.0   0.028..
000126 01:24:10.671  20 35 37 35 2E 30 20 20 20 30 2E 30 32 38 0D 0A  575.0   0.028..
000127 01:24:10.703  20 35 37 34 2E 30 20 20 20 30 2E 30 32 38 0D 0A  574.0   0.028..
000128 01:24:10.718  20 35 37 33 2E 30 20 20 20 30 2E 30 32 38 0D 0A  573.0   0.028..
000129 01:24:10.750  20 35 37 32 2E 30 20 20 20 30 2E 30 32 38 0D 0A  572.0   0.028..
000130 01:24:10.750  20 35 37 31 2E 30 20 20 20 30 2E 30 32 38 0D 0A  571.0   0.028..
000131 01:24:10.765  20 35 37 30 2E 30 20 20 20 30 2E 30 32 38 0D 0A  570.0   0.028..
000132 01:24:10.781  20 35 36 39 2E 30 20 20 20 30 2E 30 32 38 0D 0A  569.0   0.028..
000133 01:24:10.796  20 35 36 38 2E 30 20 20 20 30 2E 30 32 38 0D 0A  568.0   0.028..
000134 01:24:10.828  20 35 36 37 2E 30 20 20 20 30 2E 30 32 39 0D 0A  567.0   0.029..
000135 01:24:10.843  20 35 36 36 2E 30 20 20 20 30 2E 30 32 39 0D 0A  566.0   0.029..
000136 01:24:10.859  20 35 36 35 2E 30 20 20 20 30 2E 30 32 39 0D 0A  565.0   0.029..
000137 01:24:10.875  20 35 36 34 2E 30 20 20 20 30 2E 30 32 39 0D 0A  564.0   0.029..
000138 01:24:10.890  20 35 36 33 2E 30 20 20 20 30 2E 30 32 39 0D 0A  563.0   0.029..
000139 01:24:10.906  20 35 36 32 2E 30 20 20 20 30 2E 30 33 30 0D 0A  562.0   0.030..
000140 01:24:10.921  20 35 36 31 2E 30 20 20 20 30 2E 30 33 30 0D 0A  561.0   0.030..
000141 01:24:10.937  20 35 36 30 2E 30 20 20 20 30 2E 30 33 30 0D 0A  560.0   0.030..
000142 01:24:10.968  20 35 35 39 2E 30 20 20 20 30 2E 30 33 30 0D 0A  559.0   0.030..
000143 01:24:10.968  20 35 35 38 2E 30 20 20 20 30 2E 30 33 30 0D 0A  558.0   0.030..
000144 01:24:10.984  20 35 35 37 2E 30 20 20 20 30 2E 30 33 30 0D 0A  557.0   0.030..
000145 01:24:11.000  20 35 35 36 2E 30 20 20 20 30 2E 30 33 30 0D 0A  556.0   0.030..
000146 01:24:11.015  20 35 35 35 2E 30 20 20 20 30 2E 30 33 31 0D 0A  555.0   0.031..
000147 01:24:11.031  20 35 35 34 2E 30 20 20 20 30 2E 30 33 31 0D 0A  554.0   0.031..
000148 01:24:11.078  20 35 35 33 2E 30 20 20 20 30 2E 30 33 31 0D 0A  553.0   0.031..
000149 01:24:11.078  20 35 35 32 2E 30 20 20 20 30 2E 30 33 31 0D 0A  552.0   0.031..
000150 01:24:11.093  20 35 35 31 2E 30 20 20 20 30 2E 30 33 32 0D 0A  551.0   0.032..
000151 01:24:11.109  20 35 35 30 2E 30 20 20 20 30 2E 30 33 32 0D 0A  550.0   0.032..
000152 01:24:11.125  20 35 34 39 2E 30 20 20 20 30 2E 30 33 32 0D 0A  549.0   0.032..
000153 01:24:11.140  20 35 34 38 2E 30 20 20 20 30 2E 30 33 33 0D 0A  548.0   0.033..
000154 01:24:11.156  20 35 34 37 2E 30 20 20 20 30 2E 30 33 33 0D 0A  547.0   0.033..
000155 01:24:11.187  20 35 34 36 2E 30 20 20 20 30 2E 30 33 33 0D 0A  546.0   0.033..
000156 01:24:11.218  20 35 34 35 2E 30 20 20 20 30 2E 30 33 33 0D 0A  545.0   0.033..
000157 01:24:11.218  20 35 34 34 2E 30 20 20 20 30 2E 30 33 34 0D 0A  544.0   0.034..
000158 01:24:11.218  20 35 34 33 2E 30 20 20 20 30 2E 30 33 34 0D 0A  543.0   0.034..
000159 01:24:11.234  20 35 34 32 2E 30 20 20 20 30 2E 30 33 34 0D 0A  542.0   0.034..
000160 01:24:11.250  20 35 34 31 2E 30 20 20 20 30 2E 30 33 35 0D 0A  541.0   0.035..
000161 01:24:11.265  20 35 34 30 2E 30 20 20 20 30 2E 30 33 36 0D 0A  540.0   0.036..
000162 01:24:11.296  20 35 33 39 2E 30 20 20 20 30 2E 30 33 36 0D 0A  539.0   0.036..
000163 01:24:11.312  20 35 33 38 2E 30 20 20 20 30 2E 30 33 37 0D 0A  538.0   0.037..
000164 01:24:11.328  20 35 33 37 2E 30 20 20 20 30 2E 30 33 37 0D 0A  537.0   0.037..
000165 01:24:11.343  20 35 33 36 2E 30 20 20 20 30 2E 30 33 33 0D 0A  536.0   0.033..
000166 01:24:11.359  20 35 33 35 2E 30 20 20 20 30 2E 30 33 33 0D 0A  535.0   0.033..
000167 01:24:11.375  20 35 33 34 2E 30 20 20 20 30 2E 30 33 33 0D 0A  534.0   0.033..
000168 01:24:11.390  20 35 33 33 2E 30 20 20 20 30 2E 30 33 33 0D 0A  533.0   0.033..
000169 01:24:11.421  20 35 33 32 2E 30 20 20 20 30 2E 30 33 33 0D 0A  532.0   0.033..
000170 01:24:11.437  20 35 33 31 2E 30 20 20 20 30 2E 30 33 33 0D 0A  531.0   0.033..
000171 01:24:11.453  20 35 33 30 2E 30 20 20 20 30 2E 30 33 34 0D 0A  530.0   0.034..
000172 01:24:11.453  20 35 32 39 2E 30 20 20 20 30 2E 30 33 34 0D 0A  529.0   0.034..
000173 01:24:11.468  20 35 32 38 2E 30 20 20 20 30 2E 30 33 34 0D 0A  528.0   0.034..
000174 01:24:11.484  20 35 32 37 2E 30 20 20 20 30 2E 30 33 34 0D 0A  527.0   0.034..
000175 01:24:11.500  20 35 32 36 2E 30 20 20 20 30 2E 30 33 34 0D 0A  526.0   0.034..
000176 01:24:11.531  20 35 32 35 2E 30 20 20 20 30 2E 30 33 35 0D 0A  525.0   0.035..
000177 01:24:11.546  20 35 32 34 2E 30 20 20 20 30 2E 30 33 35 0D 0A  524.0   0.035..
000178 01:24:11.562  20 35 32 33 2E 30 20 20 20 30 2E 30 33 35 0D 0A  523.0   0.035..
000179 01:24:11.578  20 35 32 32 2E 30 20 20 20 30 2E 30 33 35 0D 0A  522.0   0.035..
000180 01:24:11.593  20 35 32 31 2E 30 20 20 20 30 2E 30 33 36 0D 0A  521.0   0.036..
000181 01:24:11.609  20 35 32 30 2E 30 20 20 20 30 2E 30 33 36 0D 0A  520.0   0.036..
000182 01:24:11.625  20 35 31 39 2E 30 20 20 20 30 2E 30 33 36 0D 0A  519.0   0.036..
000183 01:24:11.656  20 35 31 38 2E 30 20 20 20 30 2E 30 33 36 0D 0A  518.0   0.036..
000184 01:24:11.671  20 35 31 37 2E 30 20 20 20 30 2E 30 33 36 0D 0A  517.0   0.036..
000185 01:24:11.687  20 35 31 36 2E 30 20 20 20 30 2E 30 33 37 0D 0A  516.0   0.037..
000186 01:24:11.703  20 35 31 35 2E 30 20 20 20 30 2E 30 33 37 0D 0A  515.0   0.037..
000187 01:24:11.718  20 35 31 34 2E 30 20 20 20 30 2E 30 33 37 0D 0A  514.0   0.037..
000188 01:24:11.750  20 35 31 33 2E 30 20 20 20 30 2E 30 33 37 0D 0A  513.0   0.037..
000189 01:24:11.750  20 35 31 32 2E 30 20 20 20 30 2E 30 33 38 0D 0A  512.0   0.038..
000190 01:24:11.765  20 35 31 31 2E 30 20 20 20 30 2E 30 33 38 0D 0A  511.0   0.038..
000191 01:24:11.781  20 35 31 30 2E 30 20 20 20 30 2E 30 33 38 0D 0A  510.0   0.038..
000192 01:24:11.796  20 35 30 39 2E 30 20 20 20 30 2E 30 33 38 0D 0A  509.0   0.038..
000193 01:24:11.812  20 35 30 38 2E 30 20 20 20 30 2E 30 33 38 0D 0A  508.0   0.038..
000194 01:24:11.828  20 35 30 37 2E 30 20 20 20 30 2E 30 33 38 0D 0A  507.0   0.038..
000195 01:24:11.843  20 35 30 36 2E 30 20 20 20 30 2E 30 33 39 0D 0A  506.0   0.039..
000196 01:24:11.859  20 35 30 35 2E 30 20 20 20 30 2E 30 33 39 0D 0A  505.0   0.039..
000197 01:24:11.890  20 35 30 34 2E 30 20 20 20 30 2E 30 33 39 0D 0A  504.0   0.039..
000198 01:24:11.906  20 35 30 33 2E 30 20 20 20 30 2E 30 34 30 0D 0A  503.0   0.040..
000199 01:24:11.921  20 35 30 32 2E 30 20 20 20 30 2E 30 34 30 0D 0A  502.0   0.040..
000200 01:24:11.937  20 35 30 31 2E 30 20 20 20 30 2E 30 34 30 0D 0A  501.0   0.040..
000201 01:24:11.953  20 35 30 30 2E 30 20 20 20 30 2E 30 34 30 0D 0A  500.0   0.040..
000202 01:24:11.968  20 34 39 39 2E 30 20 20 20 30 2E 30 34 30 0D 0A  499.0   0.040..
000203 01:24:11.984  20 34 39 38 2E 30 20 20 20 30 2E 30 34 30 0D 0A  498.0   0.040..
000204 01:24:12.000  20 34 39 37 2E 30 20 20 20 30 2E 30 34 31 0D 0A  497.0   0.041..
000205 01:24:12.015  20 34 39 36 2E 30 20 20 20 30 2E 30 34 31 0D 0A  496.0   0.041..
000206 01:24:12.031  20 34 39 35 2E 30 20 20 20 30 2E 30 34 30 0D 0A  495.0   0.040..
000207 01:24:12.046  20 34 39 34 2E 30 20 20 20 30 2E 30 34 31 0D 0A  494.0   0.041..
000208 01:24:12.062  20 34 39 33 2E 30 20 20 20 30 2E 30 34 31 0D 0A  493.0   0.041..
000209 01:24:12.078  20 34 39 32 2E 30 20 20 20 30 2E 30 34 31 0D 0A  492.0   0.041..
000210 01:24:12.093  20 34 39 31 2E 30 20 20 20 30 2E 30 34 32 0D 0A  491.0   0.042..
000211 01:24:12.125  20 34 39 30 2E 30 20 20 20 30 2E 30 34 32 0D 0A  490.0   0.042..
000212 01:24:12.140  20 34 38 39 2E 30 20 20 20 30 2E 30 34 31 0D 0A  489.0   0.041..
000213 01:24:12.156  20 34 38 38 2E 30 20 20 20 30 2E 30 34 32 0D 0A  488.0   0.042..
000214 01:24:12.171  20 34 38 37 2E 30 20 20 20 30 2E 30 34 32 0D 0A  487.0   0.042..
000215 01:24:12.187  20 34 38 36 2E 30 20 20 20 30 2E 30 34 32 0D 0A  486.0   0.042..
000216 01:24:12.203  20 34 38 35 2E 30 20 20 20 30 2E 30 34 32 0D 0A  485.0   0.042..
000217 01:24:12.218  20 34 38 34 2E 30 20 20 20 30 2E 30 34 32 0D 0A  484.0   0.042..
000218 01:24:12.250  20 34 38 33 2E 30 20 20 20 30 2E 30 34 32 0D 0A  483.0   0.042..
000219 01:24:12.250  20 34 38 32 2E 30 20 20 20 30 2E 30 34 33 0D 0A  482.0   0.043..
000220 01:24:12.296  20 34 38 31 2E 30 20 20 20 30 2E 30 34 33 0D 0A  481.0   0.043..
000221 01:24:12.296  20 34 38 30 2E 30 20 20 20 30 2E 30 34 33 0D 0A  480.0   0.043..
000222 01:24:12.296  20 34 37 39 2E 30 20 20 20 30 2E 30 34 33 0D 0A  479.0   0.043..
000223 01:24:12.312  20 34 37 38 2E 30 20 20 20 30 2E 30 34 33 0D 0A  478.0   0.043..
000224 01:24:12.328  20 34 37 37 2E 30 20 20 20 30 2E 30 34 34 0D 0A  477.0   0.044..
000225 01:24:12.359  20 34 37 36 2E 30 20 20 20 30 2E 30 34 34 0D 0A  476.0   0.044..
000226 01:24:12.375  20 34 37 35 2E 30 20 20 20 30 2E 30 34 34 0D 0A  475.0   0.044..
000227 01:24:12.390  20 34 37 34 2E 30 20 20 20 30 2E 30 34 34 0D 0A  474.0   0.044..
000228 01:24:12.406  20 34 37 33 2E 30 20 20 20 30 2E 30 34 35 0D 0A  473.0   0.045..
000229 01:24:12.421  20 34 37 32 2E 30 20 20 20 30 2E 30 34 35 0D 0A  472.0   0.045..
000230 01:24:12.437  20 34 37 31 2E 30 20 20 20 30 2E 30 34 35 0D 0A  471.0   0.045..
000231 01:24:12.453  20 34 37 30 2E 30 20 20 20 30 2E 30 34 35 0D 0A  470.0   0.045..
000232 01:24:12.484  20 34 36 39 2E 30 20 20 20 30 2E 30 34 36 0D 0A  469.0   0.046..
000233 01:24:12.500  20 34 36 38 2E 30 20 20 20 30 2E 30 34 36 0D 0A  468.0   0.046..
000234 01:24:12.515  20 34 36 37 2E 30 20 20 20 30 2E 30 34 36 0D 0A  467.0   0.046..
000235 01:24:12.515  20 34 36 36 2E 30 20 20 20 30 2E 30 34 37 0D 0A  466.0   0.047..
000236 01:24:12.531  20 34 36 35 2E 30 20 20 20 30 2E 30 34 37 0D 0A  465.0   0.047..
000237 01:24:12.546  20 34 36 34 2E 30 20 20 20 30 2E 30 34 36 0D 0A  464.0   0.046..
000238 01:24:12.562  20 34 36 33 2E 30 20 20 20 30 2E 30 34 36 0D 0A  463.0   0.046..
000239 01:24:12.593  20 34 36 32 2E 30 20 20 20 30 2E 30 34 37 0D 0A  462.0   0.047..
000240 01:24:12.609  20 34 36 31 2E 30 20 20 20 30 2E 30 34 37 0D 0A  461.0   0.047..
000241 01:24:12.625  20 34 36 30 2E 30 20 20 20 30 2E 30 34 37 0D 0A  460.0   0.047..
000242 01:24:12.640  20 34 35 39 2E 30 20 20 20 30 2E 30 34 37 0D 0A  459.0   0.047..
000243 01:24:12.656  20 34 35 38 2E 30 20 20 20 30 2E 30 34 38 0D 0A  458.0   0.048..
000244 01:24:12.671  20 34 35 37 2E 30 20 20 20 30 2E 30 34 38 0D 0A  457.0   0.048..
000245 01:24:12.687  20 34 35 36 2E 30 20 20 20 30 2E 30 34 39 0D 0A  456.0   0.049..
000246 01:24:12.734  20 34 35 35 2E 30 20 20 20 30 2E 30 35 30 0D 0A  455.0   0.050..
000247 01:24:12.734  20 34 35 34 2E 30 20 20 20 30 2E 30 35 30 0D 0A  454.0   0.050..
000248 01:24:12.750  20 34 35 33 2E 30 20 20 20 30 2E 30 35 31 0D 0A  453.0   0.051..
000249 01:24:12.765  20 34 35 32 2E 30 20 20 20 30 2E 30 35 32 0D 0A  452.0   0.052..
000250 01:24:12.765  20 34 35 31 2E 30 20 20 20 30 2E 30 35 33 0D 0A  451.0   0.053..
000251 01:24:12.781  20 34 35 30 2E 30 20 20 20 30 2E 30 35 33 0D 0A  450.0   0.053..
000252 01:24:12.812  20 34 34 39 2E 30 20 20 20 30 2E 30 35 34 0D 0A  449.0   0.054..
000253 01:24:12.828  20 34 34 38 2E 30 20 20 20 30 2E 30 35 35 0D 0A  448.0   0.055..
000254 01:24:12.843  20 34 34 37 2E 30 20 20 20 30 2E 30 35 35 0D 0A  447.0   0.055..
000255 01:24:12.859  20 34 34 36 2E 30 20 20 20 30 2E 30 35 36 0D 0A  446.0   0.056..
000256 01:24:12.875  20 34 34 35 2E 30 20 20 20 30 2E 30 35 36 0D 0A  445.0   0.056..
000257 01:24:12.890  20 34 34 34 2E 30 20 20 20 30 2E 30 35 37 0D 0A  444.0   0.057..
000258 01:24:12.906  20 34 34 33 2E 30 20 20 20 30 2E 30 35 37 0D 0A  443.0   0.057..
000259 01:24:12.921  20 34 34 32 2E 30 20 20 20 30 2E 30 35 38 0D 0A  442.0   0.058..
000260 01:24:12.953  20 34 34 31 2E 30 20 20 20 30 2E 30 35 38 0D 0A  441.0   0.058..
000261 01:24:12.968  20 34 34 30 2E 30 20 20 20 30 2E 30 35 39 0D 0A  440.0   0.059..
000262 01:24:12.984  20 34 33 39 2E 30 20 20 20 30 2E 30 35 39 0D 0A  439.0   0.059..
000263 01:24:13.000  20 34 33 38 2E 30 20 20 20 30 2E 30 36 30 0D 0A  438.0   0.060..
000264 01:24:13.015  20 34 33 37 2E 30 20 20 20 30 2E 30 36 31 0D 0A  437.0   0.061..
000265 01:24:13.031  20 34 33 36 2E 30 20 20 20 30 2E 30 36 32 0D 0A  436.0   0.062..
000266 01:24:13.031  20 34 33 35 2E 30 20 20 20 30 2E 30 36 33 0D 0A  435.0   0.063..
000267 01:24:13.062  20 34 33 34 2E 30 20 20 20 30 2E 30 36 34 0D 0A  434.0   0.064..
000268 01:24:13.078  20 34 33 33 2E 30 20 20 20 30 2E 30 36 35 0D 0A  433.0   0.065..
000269 01:24:13.093  20 34 33 32 2E 30 20 20 20 30 2E 30 36 36 0D 0A  432.0   0.066..
000270 01:24:13.109  20 34 33 31 2E 30 20 20 20 30 2E 30 36 38 0D 0A  431.0   0.068..
000271 01:24:13.125  20 34 33 30 2E 30 20 20 20 30 2E 30 36 39 0D 0A  430.0   0.069..
000272 01:24:13.140  20 34 32 39 2E 30 20 20 20 30 2E 30 37 31 0D 0A  429.0   0.071..
000273 01:24:13.156  20 34 32 38 2E 30 20 20 20 30 2E 30 37 33 0D 0A  428.0   0.073..
000274 01:24:13.187  20 34 32 37 2E 30 20 20 20 30 2E 30 37 35 0D 0A  427.0   0.075..
000275 01:24:13.203  20 34 32 36 2E 30 20 20 20 30 2E 30 37 37 0D 0A  426.0   0.077..
000276 01:24:13.218  20 34 32 35 2E 30 20 20 20 30 2E 30 38 30 0D 0A  425.0   0.080..
000277 01:24:13.234  20 34 32 34 2E 30 20 20 20 30 2E 30 38 32 0D 0A  424.0   0.082..
000278 01:24:13.250  20 34 32 33 2E 30 20 20 20 30 2E 30 38 35 0D 0A  423.0   0.085..
000279 01:24:13.265  20 34 32 32 2E 30 20 20 20 30 2E 30 38 38 0D 0A  422.0   0.088..
000280 01:24:13.281  20 34 32 31 2E 30 20 20 20 30 2E 30 39 32 0D 0A  421.0   0.092..
000281 01:24:13.296  20 34 32 30 2E 30 20 20 20 30 2E 30 39 35 0D 0A  420.0   0.095..
000282 01:24:13.312  20 34 31 39 2E 30 20 20 20 30 2E 30 39 39 0D 0A  419.0   0.099..
000283 01:24:13.328  20 34 31 38 2E 30 20 20 20 30 2E 31 30 34 0D 0A  418.0   0.104..
000284 01:24:13.343  20 34 31 37 2E 30 20 20 20 30 2E 31 30 39 0D 0A  417.0   0.109..
000285 01:24:13.359  20 34 31 36 2E 30 20 20 20 30 2E 31 31 34 0D 0A  416.0   0.114..
000286 01:24:13.390  20 34 31 35 2E 30 20 20 20 30 2E 31 31 38 0D 0A  415.0   0.118..
000287 01:24:13.390  20 34 31 34 2E 30 20 20 20 30 2E 31 32 34 0D 0A  414.0   0.124..
000288 01:24:13.421  20 34 31 33 2E 30 20 20 20 30 2E 31 33 31 0D 0A  413.0   0.131..
000289 01:24:13.437  20 34 31 32 2E 30 20 20 20 30 2E 31 33 38 0D 0A  412.0   0.138..
000290 01:24:13.453  20 34 31 31 2E 30 20 20 20 30 2E 31 34 35 0D 0A  411.0   0.145..
000291 01:24:13.468  20 34 31 30 2E 30 20 20 20 30 2E 31 35 31 0D 0A  410.0   0.151..
000292 01:24:13.484  20 34 30 39 2E 30 20 20 20 30 2E 31 35 38 0D 0A  409.0   0.158..
000293 01:24:13.500  20 34 30 38 2E 30 20 20 20 30 2E 31 36 33 0D 0A  408.0   0.163..
000294 01:24:13.515  20 34 30 37 2E 30 20 20 20 30 2E 31 36 38 0D 0A  407.0   0.168..
000295 01:24:13.546  20 34 30 36 2E 30 20 20 20 30 2E 31 37 32 0D 0A  406.0   0.172..
000296 01:24:13.562  20 34 30 35 2E 30 20 20 20 30 2E 31 37 34 0D 0A  405.0   0.174..
000297 01:24:13.562  20 34 30 34 2E 30 20 20 20 30 2E 31 37 35 0D 0A  404.0   0.175..
000298 01:24:13.578  20 34 30 33 2E 30 20 20 20 30 2E 31 37 35 0D 0A  403.0   0.175..
000299 01:24:13.593  20 34 30 32 2E 30 20 20 20 30 2E 31 37 33 0D 0A  402.0   0.173..
000300 01:24:13.609  20 34 30 31 2E 30 20 20 20 30 2E 31 37 32 0D 0A  401.0   0.172..
000301 01:24:13.625  20 34 30 30 2E 30 20 20 20 30 2E 31 36 39 0D 0A  400.0   0.169..
000302 01:24:13.656  20 33 39 39 2E 30 20 20 20 30 2E 31 36 36 0D 0A  399.0   0.166..
000303 01:24:13.671  20 33 39 38 2E 30 20 20 20 30 2E 31 36 32 0D 0A  398.0   0.162..
000304 01:24:13.687  20 33 39 37 2E 30 20 20 20 30 2E 31 35 39 0D 0A  397.0   0.159..
000305 01:24:13.703  20 33 39 36 2E 30 20 20 20 30 2E 31 35 36 0D 0A  396.0   0.156..
000306 01:24:13.718  20 33 39 35 2E 30 20 20 20 30 2E 31 35 32 0D 0A  395.0   0.152..
000307 01:24:13.734  20 33 39 34 2E 30 20 20 20 30 2E 31 34 39 0D 0A  394.0   0.149..
000308 01:24:13.750  20 33 39 33 2E 30 20 20 20 30 2E 31 34 36 0D 0A  393.0   0.146..
000309 01:24:13.781  20 33 39 32 2E 30 20 20 20 30 2E 31 34 34 0D 0A  392.0   0.144..
000310 01:24:13.796  20 33 39 31 2E 30 20 20 20 30 2E 31 34 31 0D 0A  391.0   0.141..
000311 01:24:13.812  20 33 39 30 2E 30 20 20 20 30 2E 31 33 39 0D 0A  390.0   0.139..
000312 01:24:13.828  20 33 38 39 2E 30 20 20 20 30 2E 31 33 37 0D 0A  389.0   0.137..
000313 01:24:13.828  20 33 38 38 2E 30 20 20 20 30 2E 31 33 36 0D 0A  388.0   0.136..
000314 01:24:13.843  20 33 38 37 2E 30 20 20 20 30 2E 31 33 34 0D 0A  387.0   0.134..
000315 01:24:13.859  20 33 38 36 2E 30 20 20 20 30 2E 31 33 33 0D 0A  386.0   0.133..
000316 01:24:13.890  20 33 38 35 2E 30 20 20 20 30 2E 31 33 31 0D 0A  385.0   0.131..
000317 01:24:13.937  20 33 38 34 2E 30 20 20 20 30 2E 31 33 31 0D 0A  384.0   0.131..
000318 01:24:13.937  20 33 38 33 2E 30 20 20 20 30 2E 31 32 39 0D 0A  383.0   0.129..
000319 01:24:13.937  20 33 38 32 2E 30 20 20 20 30 2E 31 32 38 0D 0A  382.0   0.128..
000320 01:24:13.953  20 33 38 31 2E 30 20 20 20 30 2E 31 32 38 0D 0A  381.0   0.128..
000321 01:24:13.968  20 33 38 30 2E 30 20 20 20 30 2E 31 32 37 0D 0A  380.0   0.127..
000322 01:24:13.984  20 33 37 39 2E 30 20 20 20 30 2E 31 32 36 0D 0A  379.0   0.126..
000323 01:24:14.015  20 33 37 38 2E 30 20 20 20 30 2E 31 32 35 0D 0A  378.0   0.125..
000324 01:24:14.031  20 33 37 37 2E 30 20 20 20 30 2E 31 32 35 0D 0A  377.0   0.125..
000325 01:24:14.046  20 33 37 36 2E 30 20 20 20 30 2E 31 32 34 0D 0A  376.0   0.124..
000326 01:24:14.062  20 33 37 35 2E 30 20 20 20 30 2E 31 32 34 0D 0A  375.0   0.124..
000327 01:24:14.078  20 33 37 34 2E 30 20 20 20 30 2E 31 32 33 0D 0A  374.0   0.123..
000328 01:24:14.078  20 33 37 33 2E 30 20 20 20 30 2E 31 32 33 0D 0A  373.0   0.123..
000329 01:24:14.093  20 33 37 32 2E 30 20 20 20 30 2E 31 32 33 0D 0A  372.0   0.123..
000330 01:24:14.125  20 33 37 31 2E 30 20 20 20 30 2E 31 32 33 0D 0A  371.0   0.123..
000331 01:24:14.140  20 33 37 30 2E 30 20 20 20 30 2E 31 32 33 0D 0A  370.0   0.123..
000332 01:24:14.156  20 33 36 39 2E 30 20 20 20 30 2E 31 32 33 0D 0A  369.0   0.123..
000333 01:24:14.171  20 33 36 38 2E 30 20 20 20 30 2E 31 32 33 0D 0A  368.0   0.123..
000334 01:24:14.187  20 33 36 37 2E 30 20 20 20 30 2E 31 32 34 0D 0A  367.0   0.124..
000335 01:24:14.203  20 33 36 36 2E 30 20 20 20 30 2E 31 32 34 0D 0A  366.0   0.124..
000336 01:24:14.218  20 33 36 35 2E 30 20 20 20 30 2E 31 32 34 0D 0A  365.0   0.124..
000337 01:24:14.250  20 33 36 34 2E 30 20 20 20 30 2E 31 32 35 0D 0A  364.0   0.125..
000338 01:24:14.265  20 33 36 33 2E 30 20 20 20 30 2E 31 32 35 0D 0A  363.0   0.125..
000339 01:24:14.281  20 33 36 32 2E 30 20 20 20 30 2E 31 32 35 0D 0A  362.0   0.125..
000340 01:24:14.296  20 33 36 31 2E 30 20 20 20 30 2E 31 32 36 0D 0A  361.0   0.126..
000341 01:24:14.312  20 33 36 30 2E 30 20 20 20 30 2E 31 32 36 0D 0A  360.0   0.126..
000342 01:24:14.328  20 33 35 39 2E 30 20 20 20 30 2E 31 32 37 0D 0A  359.0   0.127..
000343 01:24:14.343  20 33 35 38 2E 30 20 20 20 30 2E 31 32 37 0D 0A  358.0   0.127..
000344 01:24:14.359  20 33 35 37 2E 30 20 20 20 30 2E 31 32 38 0D 0A  357.0   0.128..
000345 01:24:14.375  20 33 35 36 2E 30 20 20 20 30 2E 31 32 38 0D 0A  356.0   0.128..
000346 01:24:14.390  20 33 35 35 2E 30 20 20 20 30 2E 31 32 39 0D 0A  355.0   0.129..
000347 01:24:14.406  20 33 35 34 2E 30 20 20 20 30 2E 31 33 30 0D 0A  354.0   0.130..
000348 01:24:14.421  20 33 35 33 2E 30 20 20 20 30 2E 31 33 30 0D 0A  353.0   0.130..
000349 01:24:14.437  20 33 35 32 2E 30 20 20 20 30 2E 31 33 31 0D 0A  352.0   0.131..
000350 01:24:14.453  20 33 35 31 2E 30 20 20 20 30 2E 31 33 31 0D 0A  351.0   0.131..
000351 01:24:14.500  20 33 35 30 2E 30 20 20 20 30 2E 31 33 32 0D 0A  350.0   0.132..
000352 01:24:14.500  20 33 34 39 2E 30 20 20 20 30 2E 31 33 33 0D 0A  349.0   0.133..
000353 01:24:14.515  20 33 34 38 2E 30 20 20 20 30 2E 31 33 34 0D 0A  348.0   0.134..
000354 01:24:14.531  20 33 34 37 2E 30 20 20 20 30 2E 31 33 34 0D 0A  347.0   0.134..
000355 01:24:14.546  20 33 34 36 2E 30 20 20 20 30 2E 31 33 35 0D 0A  346.0   0.135..
000356 01:24:14.562  20 33 34 35 2E 30 20 20 20 30 2E 31 33 36 0D 0A  345.0   0.136..
000357 01:24:14.578  20 33 34 34 2E 30 20 20 20 30 2E 31 33 37 0D 0A  344.0   0.137..
000358 01:24:14.609  20 33 34 33 2E 30 20 20 20 30 2E 31 33 38 0D 0A  343.0   0.138..
000359 01:24:14.609  20 33 34 32 2E 30 20 20 20 30 2E 31 33 39 0D 0A  342.0   0.139..
000360 01:24:14.625  20 33 34 31 2E 30 20 20 20 30 2E 31 34 30 0D 0A  341.0   0.140..
000361 01:24:14.640  20 33 34 30 2E 30 20 20 20 30 2E 31 34 37 0D 0A  340.0   0.147..
000362 01:24:14.656  20 33 33 39 2E 30 20 20 20 30 2E 31 34 37 0D 0A  339.0   0.147..
000363 01:24:14.671  20 33 33 38 2E 30 20 20 20 30 2E 31 34 38 0D 0A  338.0   0.148..
000364 01:24:14.687  20 33 33 37 2E 30 20 20 20 30 2E 31 34 39 0D 0A  337.0   0.149..
000365 01:24:14.718  20 33 33 36 2E 30 20 20 20 30 2E 31 35 31 0D 0A  336.0   0.151..
000366 01:24:14.734  20 33 33 35 2E 30 20 20 20 30 2E 31 35 32 0D 0A  335.0   0.152..
000367 01:24:14.750  20 33 33 34 2E 30 20 20 20 30 2E 31 35 33 0D 0A  334.0   0.153..
000368 01:24:14.765  20 33 33 33 2E 30 20 20 20 30 2E 31 35 35 0D 0A  333.0   0.155..
000369 01:24:14.781  20 33 33 32 2E 30 20 20 20 30 2E 31 35 35 0D 0A  332.0   0.155..
000370 01:24:14.796  20 33 33 31 2E 30 20 20 20 30 2E 31 35 36 0D 0A  331.0   0.156..
000371 01:24:14.812  20 33 33 30 2E 30 20 20 20 30 2E 31 35 37 0D 0A  330.0   0.157..
000372 01:24:14.843  20 33 32 39 2E 30 20 20 20 30 2E 31 35 39 0D 0A  329.0   0.159..
000373 01:24:14.859  20 33 32 38 2E 30 20 20 20 30 2E 31 36 31 0D 0A  328.0   0.161..
000374 01:24:14.875  20 33 32 37 2E 30 20 20 20 30 2E 31 36 31 0D 0A  327.0   0.161..
000375 01:24:14.875  20 33 32 36 2E 30 20 20 20 30 2E 31 36 34 0D 0A  326.0   0.164..
000376 01:24:14.906  20 33 32 35 2E 30 20 20 20 30 2E 31 36 35 0D 0A  325.0   0.165..
000377 01:24:14.906  20 33 32 34 2E 30 20 20 20 30 2E 31 36 36 0D 0A  324.0   0.166..
000378 01:24:14.921  20 33 32 33 2E 30 20 20 20 30 2E 31 36 38 0D 0A  323.0   0.168..
000379 01:24:14.953  20 33 32 32 2E 30 20 20 20 30 2E 31 37 30 0D 0A  322.0   0.170..
000380 01:24:14.968  20 33 32 31 2E 30 20 20 20 30 2E 31 37 31 0D 0A  321.0   0.171..
000381 01:24:14.984  20 33 32 30 2E 30 20 20 20 30 2E 31 37 33 0D 0A  320.0   0.173..
000382 01:24:15.015  20 33 31 39 2E 30 20 20 20 30 2E 31 37 35 0D 0A  319.0   0.175..
000383 01:24:15.015  20 33 31 38 2E 30 20 20 20 30 2E 31 37 37 0D 0A  318.0   0.177..
000384 01:24:15.031  20 33 31 37 2E 30 20 20 20 30 2E 31 37 39 0D 0A  317.0   0.179..
000385 01:24:15.046  20 33 31 36 2E 30 20 20 20 30 2E 31 38 32 0D 0A  316.0   0.182..
000386 01:24:15.078  20 33 31 35 2E 30 20 20 20 30 2E 31 38 35 0D 0A  315.0   0.185..
000387 01:24:15.093  20 33 31 34 2E 30 20 20 20 30 2E 31 38 39 0D 0A  314.0   0.189..
000388 01:24:15.109  20 33 31 33 2E 30 20 20 20 30 2E 31 39 32 0D 0A  313.0   0.192..
000389 01:24:15.125  20 33 31 32 2E 30 20 20 20 30 2E 31 39 36 0D 0A  312.0   0.196..
000390 01:24:15.156  20 33 31 31 2E 30 20 20 20 30 2E 32 30 31 0D 0A  311.0   0.201..
000391 01:24:15.156  20 33 31 30 2E 30 20 20 20 30 2E 32 30 38 0D 0A  310.0   0.208..
000392 01:24:15.156  20 33 30 39 2E 30 20 20 20 30 2E 32 31 35 0D 0A  309.0   0.215..
000393 01:24:15.187  20 33 30 38 2E 30 20 20 20 30 2E 32 32 34 0D 0A  308.0   0.224..
000394 01:24:15.203  20 33 30 37 2E 30 20 20 20 30 2E 32 33 37 0D 0A  307.0   0.237..
000395 01:24:15.234  20 33 30 36 2E 30 20 20 20 30 2E 32 36 31 0D 0A  306.0   0.261..
000396 01:24:15.234  20 33 30 35 2E 30 20 20 20 30 2E 32 37 35 0D 0A  305.0   0.275..
000397 01:24:15.250  20 33 30 34 2E 30 20 20 20 30 2E 32 39 38 0D 0A  304.0   0.298..
000398 01:24:15.265  20 33 30 33 2E 30 20 20 20 30 2E 33 32 36 0D 0A  303.0   0.326..
000399 01:24:15.281  20 33 30 32 2E 30 20 20 20 30 2E 33 36 32 0D 0A  302.0   0.362..
000400 01:24:15.312  20 33 30 31 2E 30 20 20 20 30 2E 34 30 32 0D 0A  301.0   0.402..
000401 01:24:15.328  20 33 30 30 2E 30 20 20 20 30 2E 34 35 30 0D 0A  300.0   0.450..
000402 01:24:15.343  20 32 39 39 2E 30 20 20 20 30 2E 35 30 38 0D 0A  299.0   0.508..
000403 01:24:15.359  20 32 39 38 2E 30 20 20 20 30 2E 35 37 35 0D 0A  298.0   0.575..
000404 01:24:15.375  20 32 39 37 2E 30 20 20 20 30 2E 36 34 38 0D 0A  297.0   0.648..
000405 01:24:15.390  20 32 39 36 2E 30 20 20 20 30 2E 37 33 35 0D 0A  296.0   0.735..
000406 01:24:15.390  20 32 39 35 2E 30 20 20 20 30 2E 38 34 33 0D 0A  295.0   0.843..
000407 01:24:15.421  20 32 39 34 2E 30 20 20 20 30 2E 39 36 38 0D 0A  294.0   0.968..
000408 01:24:15.453  20 32 39 33 2E 30 20 20 20 31 2E 30 39 39 0D 0A  293.0   1.099..
000409 01:24:15.453  20 32 39 32 2E 30 20 20 20 31 2E 32 34 30 0D 0A  292.0   1.240..
000410 01:24:15.468  20 32 39 31 2E 30 20 20 20 31 2E 33 39 31 0D 0A  291.0   1.391..
000411 01:24:15.484  20 32 39 30 2E 30 20 20 20 31 2E 35 34 30 0D 0A  290.0   1.540..
000412 01:24:15.500  20 32 38 39 2E 30 20 20 20 31 2E 36 37 37 0D 0A  289.0   1.677..
000413 01:24:15.515  20 32 38 38 2E 30 20 20 20 31 2E 38 31 32 0D 0A  288.0   1.812..
000414 01:24:15.546  20 32 38 37 2E 30 20 20 20 31 2E 39 35 31 0D 0A  287.0   1.951..
000415 01:24:15.562  20 32 38 36 2E 30 20 20 20 32 2E 30 39 34 0D 0A  286.0   2.094..
000416 01:24:15.578  20 32 38 35 2E 30 20 20 20 32 2E 32 32 32 0D 0A  285.0   2.222..
000417 01:24:15.593  20 32 38 34 2E 30 20 20 20 32 2E 33 35 34 0D 0A  284.0   2.354..
000418 01:24:15.609  20 32 38 33 2E 30 20 20 20 32 2E 34 35 38 0D 0A  283.0   2.458..
000419 01:24:15.625  20 32 38 32 2E 30 20 20 20 32 2E 35 34 35 0D 0A  282.0   2.545..
000420 01:24:15.640  20 32 38 31 2E 30 20 20 20 32 2E 35 39 37 0D 0A  281.0   2.597..
000421 01:24:15.671  20 32 38 30 2E 30 20 20 20 32 2E 36 32 38 0D 0A  280.0   2.628..
000422 01:24:15.687  20 32 37 39 2E 30 20 20 20 32 2E 36 36 30 0D 0A  279.0   2.660..
000423 01:24:15.687  20 32 37 38 2E 30 20 20 20 32 2E 36 36 35 0D 0A  278.0   2.665..
000424 01:24:15.703  20 32 37 37 2E 30 20 20 20 32 2E 36 36 39 0D 0A  277.0   2.669..
000425 01:24:15.718  20 32 37 36 2E 30 20 20 20 32 2E 36 37 35 0D 0A  276.0   2.675..
000426 01:24:15.734  20 32 37 35 2E 30 20 20 20 32 2E 36 35 33 0D 0A  275.0   2.653..
000427 01:24:15.750  20 32 37 34 2E 30 20 20 20 32 2E 36 33 33 0D 0A  274.0   2.633..
000428 01:24:15.781  20 32 37 33 2E 30 20 20 20 32 2E 35 39 32 0D 0A  273.0   2.592..
000429 01:24:15.796  20 32 37 32 2E 30 20 20 20 32 2E 35 33 37 0D 0A  272.0   2.537..
000430 01:24:15.812  20 32 37 31 2E 30 20 20 20 32 2E 34 37 33 0D 0A  271.0   2.473..
000431 01:24:15.828  20 32 37 30 2E 30 20 20 20 32 2E 34 33 35 0D 0A  270.0   2.435..
000432 01:24:15.843  20 32 36 39 2E 30 20 20 20 32 2E 33 36 33 0D 0A  269.0   2.363..
000433 01:24:15.859  20 32 36 38 2E 30 20 20 20 32 2E 32 39 36 0D 0A  268.0   2.296..
000434 01:24:15.875  20 32 36 37 2E 30 20 20 20 32 2E 32 33 32 0D 0A  267.0   2.232..
000435 01:24:15.906  20 32 36 36 2E 30 20 20 20 32 2E 31 35 38 0D 0A  266.0   2.158..
000436 01:24:15.921  20 32 36 35 2E 30 20 20 20 32 2E 30 38 36 0D 0A  265.0   2.086..
000437 01:24:15.921  20 32 36 34 2E 30 20 20 20 32 2E 30 30 34 0D 0A  264.0   2.004..
000438 01:24:15.937  20 32 36 33 2E 30 20 20 20 31 2E 39 33 36 0D 0A  263.0   1.936..
000439 01:24:15.953  20 32 36 32 2E 30 20 20 20 31 2E 38 37 32 0D 0A  262.0   1.872..
000440 01:24:15.968  20 32 36 31 2E 30 20 20 20 31 2E 38 31 32 0D 0A  261.0   1.812..
000441 01:24:15.984  20 32 36 30 2E 30 20 20 20 31 2E 37 35 32 0D 0A  260.0   1.752..
000442 01:24:16.015  20 32 35 39 2E 30 20 20 20 31 2E 36 39 37 0D 0A  259.0   1.697..
000443 01:24:16.031  20 32 35 38 2E 30 20 20 20 31 2E 36 34 36 0D 0A  258.0   1.646..
000444 01:24:16.046  20 32 35 37 2E 30 20 20 20 31 2E 35 39 37 0D 0A  257.0   1.597..
000445 01:24:16.062  20 32 35 36 2E 30 20 20 20 31 2E 35 35 31 0D 0A  256.0   1.551..
000446 01:24:16.078  20 32 35 35 2E 30 20 20 20 31 2E 35 32 31 0D 0A  255.0   1.521..
000447 01:24:16.093  20 32 35 34 2E 30 20 20 20 31 2E 34 39 39 0D 0A  254.0   1.499..
000448 01:24:16.109  20 32 35 33 2E 30 20 20 20 31 2E 34 38 33 0D 0A  253.0   1.483..
000449 01:24:16.140  20 32 35 32 2E 30 20 20 20 31 2E 34 38 35 0D 0A  252.0   1.485..
000450 01:24:16.156  20 32 35 31 2E 30 20 20 20 31 2E 34 39 33 0D 0A  251.0   1.493..
000451 01:24:16.171  20 32 35 30 2E 30 20 20 20 31 2E 35 31 31 0D 0A  250.0   1.511..
000452 01:24:16.187  20 32 34 39 2E 30 20 20 20 31 2E 35 34 37 0D 0A  249.0   1.547..
000453 01:24:16.187  20 32 34 38 2E 30 20 20 20 31 2E 35 39 35 0D 0A  248.0   1.595..
000454 01:24:16.203  20 32 34 37 2E 30 20 20 20 31 2E 36 36 32 0D 0A  247.0   1.662..
000455 01:24:16.218  20 32 34 36 2E 30 20 20 20 31 2E 37 35 31 0D 0A  246.0   1.751..
000456 01:24:16.250  20 32 34 35 2E 30 20 20 20 31 2E 38 36 35 0D 0A  245.0   1.865..
000457 01:24:16.265  20 32 34 34 2E 30 20 20 20 32 2E 30 30 31 0D 0A  244.0   2.001..
000458 01:24:16.281  20 32 34 33 2E 30 20 20 20 32 2E 31 37 34 0D 0A  243.0   2.174..
000459 01:24:16.296  20 32 34 32 2E 30 20 20 20 32 2E 33 39 33 0D 0A  242.0   2.393..
000460 01:24:16.312  20 32 34 31 2E 30 20 20 20 32 2E 36 34 39 0D 0A  241.0   2.649..
000461 01:24:16.328  20 32 34 30 2E 30 20 20 20 32 2E 39 31 30 0D 0A  240.0   2.910..
000462 01:24:16.359  20 32 33 39 2E 30 20 20 20 33 2E 33 31 33 0D 0A  239.0   3.313..
000463 01:24:16.375  20 32 33 38 2E 30 20 20 20 33 2E 36 31 37 0D 0A  238.0   3.617..
000464 01:24:16.390  20 32 33 37 2E 30 20 20 20 34 2E 30 30 30 0D 0A  237.0   4.000..
000465 01:24:16.406  20 32 33 36 2E 30 20 20 20 33 2E 36 31 38 0D 0A  236.0   3.618..
000466 01:24:16.421  20 32 33 35 2E 30 20 20 20 33 2E 36 31 35 0D 0A  235.0   3.615..
000467 01:24:16.437  20 32 33 34 2E 30 20 20 20 34 2E 30 30 30 0D 0A  234.0   4.000..
000468 01:24:16.453  20 32 33 33 2E 30 20 20 20 33 2E 36 30 36 0D 0A  233.0   3.606..
000469 01:24:16.453  20 32 33 32 2E 30 20 20 20 33 2E 35 39 39 0D 0A  232.0   3.599..
000470 01:24:16.484  20 32 33 31 2E 30 20 20 20 33 2E 35 39 31 0D 0A  231.0   3.591..
000471 01:24:16.500  20 32 33 30 2E 30 20 20 20 33 2E 35 38 32 0D 0A  230.0   3.582..
000472 01:24:16.515  20 32 32 39 2E 30 20 20 20 33 2E 35 37 34 0D 0A  229.0   3.574..
000473 01:24:16.531  20 32 32 38 2E 30 20 20 20 33 2E 35 36 34 0D 0A  228.0   3.564..
000474 01:24:16.562  20 32 32 37 2E 30 20 20 20 33 2E 35 35 35 0D 0A  227.0   3.555..
000475 01:24:16.562  20 32 32 36 2E 30 20 20 20 33 2E 35 34 36 0D 0A  226.0   3.546..
000476 01:24:16.578  20 32 32 35 2E 30 20 20 20 33 2E 35 33 36 0D 0A  225.0   3.536..
000477 01:24:16.609  20 32 32 34 2E 30 20 20 20 34 2E 30 30 30 0D 0A  224.0   4.000..
000478 01:24:16.625  20 32 32 33 2E 30 20 20 20 34 2E 30 30 30 0D 0A  223.0   4.000..
000479 01:24:16.640  20 32 32 32 2E 30 20 20 20 34 2E 30 30 30 0D 0A  222.0   4.000..
000480 01:24:16.656  20 32 32 31 2E 30 20 20 20 33 2E 34 39 38 0D 0A  221.0   3.498..
000481 01:24:16.671  20 32 32 30 2E 30 20 20 20 33 2E 34 38 39 0D 0A  220.0   3.489..
000482 01:24:16.687  20 32 31 39 2E 30 20 20 20 34 2E 30 30 30 0D 0A  219.0   4.000..
000483 01:24:16.703  20 32 31 38 2E 30 20 20 20 34 2E 30 30 30 0D 0A  218.0   4.000..
000484 01:24:16.718  20 32 31 37 2E 30 20 20 20 34 2E 30 30 30 0D 0A  217.0   4.000..
000485 01:24:16.734  20 32 31 36 2E 30 20 20 20 34 2E 30 30 30 0D 0A  216.0   4.000..
000486 01:24:16.750  20 32 31 35 2E 30 20 20 20 33 2E 34 32 36 0D 0A  215.0   3.426..
000487 01:24:16.781  20 32 31 34 2E 30 20 20 20 33 2E 34 30 38 0D 0A  214.0   3.408..
000488 01:24:16.781  20 32 31 33 2E 30 20 20 20 33 2E 36 39 33 0D 0A  213.0   3.693..
000489 01:24:16.796  20 32 31 32 2E 30 20 20 20 33 2E 39 37 36 0D 0A  212.0   3.976..
000490 01:24:16.812  20 32 31 31 2E 30 20 20 20 33 2E 36 35 34 0D 0A  211.0   3.654..
000491 01:24:16.843  20 32 31 30 2E 30 20 20 20 33 2E 36 33 30 0D 0A  210.0   3.630..
000492 01:24:16.859  20 32 30 39 2E 30 20 20 20 33 2E 39 30 33 0D 0A  209.0   3.903..
000493 01:24:16.875  20 32 30 38 2E 30 20 20 20 33 2E 35 37 35 0D 0A  208.0   3.575..
000494 01:24:16.906  20 32 30 37 2E 30 20 20 20 33 2E 38 34 35 0D 0A  207.0   3.845..
000495 01:24:16.906  20 32 30 36 2E 30 20 20 20 33 2E 35 30 39 0D 0A  206.0   3.509..
000496 01:24:16.921  20 32 30 35 2E 30 20 20 20 33 2E 34 37 31 0D 0A  205.0   3.471..
000497 01:24:16.937  20 32 30 34 2E 30 20 20 20 33 2E 37 33 34 0D 0A  204.0   3.734..
000498 01:24:16.968  20 32 30 33 2E 30 20 20 20 33 2E 33 38 39 0D 0A  203.0   3.389..
000499 01:24:16.968  20 32 30 32 2E 30 20 20 20 33 2E 36 34 32 0D 0A  202.0   3.642..
000500 01:24:17.000  20 32 30 31 2E 30 20 20 20 33 2E 32 38 39 0D 0A  201.0   3.289..
000501 01:24:17.000  20 32 30 30 2E 30 20 20 20 33 2E 32 33 39 0D 0A  200.0   3.239..
000502 01:24:17.031  20 31 39 39 2E 30 20 20 20 33 2E 34 38 35 0D 0A  199.0   3.485..
000503 01:24:17.031  20 31 39 38 2E 30 20 20 20 33 2E 31 32 37 0D 0A  198.0   3.127..
000504 01:24:17.046  20 31 39 37 2E 30 20 20 20 33 2E 32 36 39 0D 0A  197.0   3.269..
000505 01:24:17.078  20 31 39 36 2E 30 20 20 20 33 2E 32 31 34 0D 0A  196.0   3.214..
000506 01:24:17.093  20 31 39 35 2E 30 20 20 20 33 2E 31 35 32 0D 0A  195.0   3.152..
000507 01:24:17.109  20 31 39 34 2E 30 20 20 20 33 2E 30 38 31 0D 0A  194.0   3.081..
000508 01:24:17.125  20 31 39 33 2E 30 20 20 20 33 2E 30 30 39 0D 0A  193.0   3.009..
000509 01:24:17.140  20 31 39 32 2E 30 20 20 20 32 2E 39 32 36 0D 0A  192.0   2.926..
000510 01:24:17.156  20 31 39 31 2E 30 20 20 20 32 2E 38 32 37 0D 0A  191.0   2.827..
000511 01:24:17.171  20 31 39 30 2E 30 20 20 20 32 2E 38 30 36 0D 0A  190.0   2.806..
000512 01:24:17.187  1A                                              .
