700.0   0.218
699.0   0.218
698.0   0.219
697.0   0.219
696.0   0.220
695.0   0.220
694.0   0.221
693.0   0.222
692.0   0.222
691.0   0.223
690.0   0.223
689.0   0.224
688.0   0.224
687.0   0.225
686.0   0.225
685.0   0.226
684.0   0.227
683.0   0.227
682.0   0.228
681.0   0.228
680.0   0.229
679.0   0.230
678.0   0.230
677.0   0.231
676.0   0.231
675.0   0.231
674.0   0.232
673.0   0.232
672.0   0.233
671.0   0.234
670.0   0.234
669.0   0.235
668.0   0.236
667.0   0.237
666.0   0.237
665.0   0.238
664.0   0.239
663.0   0.239
662.0   0.240
661.0   0.240
660.0   0.241
659.0   0.241
658.0   0.242
657.0   0.243
656.0   0.243
655.0   0.244
654.0   0.245
653.0   0.245
652.0   0.246
651.0   0.247
650.0   0.248
649.0   0.248
648.0   0.249
647.0   0.250
646.0   0.251
645.0   0.252
644.0   0.252
643.0   0.253
642.0   0.254
641.0   0.254
640.0   0.255
639.0   0.255
638.0   0.256
637.0   0.257
636.0   0.259
635.0   0.260
634.0   0.261
633.0   0.261
632.0   0.262
631.0   0.262
630.0   0.263
629.0   0.263
628.0   0.264
627.0   0.265
626.0   0.266
625.0   0.266
624.0   0.267
623.0   0.268
622.0   0.268
621.0   0.269
620.0   0.270
619.0   0.270
618.0   0.271
617.0   0.272
616.0   0.272
615.0   0.273
614.0   0.274
613.0   0.274
612.0   0.275
611.0   0.276
610.0   0.277
609.0   0.277
608.0   0.278
607.0   0.278
606.0   0.279
605.0   0.280
604.0   0.281
603.0   0.282
602.0   0.282
601.0   0.283
600.0   0.284
599.0   0.285
598.0   0.285
597.0   0.286
596.0   0.287
595.0   0.287
594.0   0.288
593.0   0.289
592.0   0.290
591.0   0.291
590.0   0.291
589.0   0.292
588.0   0.293
587.0   0.294
586.0   0.295
585.0   0.296
584.0   0.297
583.0   0.297
582.0   0.298
581.0   0.299
580.0   0.300
579.0   0.301
578.0   0.302
577.0   0.303
576.0   0.304
575.0   0.305
574.0   0.305
573.0   0.306
572.0   0.307
571.0   0.308
570.0   0.309
569.0   0.310
568.0   0.311
567.0   0.311
566.0   0.312
565.0   0.313
564.0   0.314
563.0   0.315
562.0   0.316
561.0   0.316
560.0   0.318
559.0   0.318
558.0   0.319
557.0   0.320
556.0   0.321
555.0   0.322
554.0   0.323
553.0   0.324
552.0   0.325
551.0   0.326
550.0   0.327
549.0   0.329
548.0   0.329
547.0   0.331
546.0   0.332
545.0   0.333
544.0   0.334
543.0   0.335
542.0   0.336
541.0   0.338
540.0   0.339
539.0   0.340
538.0   0.342
537.0   0.343
536.0   0.341
535.0   0.342
534.0   0.343
533.0   0.344
532.0   0.345
531.0   0.346
530.0   0.347
529.0   0.348
528.0   0.349
527.0   0.350
526.0   0.351
525.0   0.352
524.0   0.354
523.0   0.355
522.0   0.355
521.0   0.357
520.0   0.357
519.0   0.359
518.0   0.360
517.0   0.361
516.0   0.363
515.0   0.363
514.0   0.364
513.0   0.366
512.0   0.367
511.0   0.368
510.0   0.369
509.0   0.370
508.0   0.371
507.0   0.372
506.0   0.374
505.0   0.375
504.0   0.376
503.0   0.377
502.0   0.378
501.0   0.380
500.0   0.380
499.0   0.382
498.0   0.383
497.0   0.384
496.0   0.385
495.0   0.386
494.0   0.387
493.0   0.388
492.0   0.390
491.0   0.391
490.0   0.392
489.0   0.394
488.0   0.394
487.0   0.396
486.0   0.397
485.0   0.398
484.0   0.400
483.0   0.401
482.0   0.402
481.0   0.404
480.0   0.405
479.0   0.406
478.0   0.407
477.0   0.409
476.0   0.410
475.0   0.411
474.0   0.412
473.0   0.414
472.0   0.415
471.0   0.416
470.0   0.418
469.0   0.419
468.0   0.421
467.0   0.422
466.0   0.424
465.0   0.425
464.0   0.426
463.0   0.427
462.0   0.429
461.0   0.430
460.0   0.432
459.0   0.434
458.0   0.436
457.0   0.437
456.0   0.438
455.0   0.440
454.0   0.442
453.0   0.443
452.0   0.445
451.0   0.447
450.0   0.449
449.0   0.451
448.0   0.453
447.0   0.454
446.0   0.457
445.0   0.458
444.0   0.460
443.0   0.462
442.0   0.464
441.0   0.466
440.0   0.468
439.0   0.470
438.0   0.473
437.0   0.475
436.0   0.477
435.0   0.479
434.0   0.482
433.0   0.485
432.0   0.488
431.0   0.490
430.0   0.494
429.0   0.497
428.0   0.500
427.0   0.504
426.0   0.508
425.0   0.512
424.0   0.517
423.0   0.521
422.0   0.526
421.0   0.532
420.0   0.537
419.0   0.543
418.0   0.549
417.0   0.556
416.0   0.563
415.0   0.567
414.0   0.574
413.0   0.581
412.0   0.589
411.0   0.597
410.0   0.604
409.0   0.610
408.0   0.616
407.0   0.621
406.0   0.625
405.0   0.627
404.0   0.629
403.0   0.630
402.0   0.629
401.0   0.629
400.0   0.627
399.0   0.626
398.0   0.624
397.0   0.622
396.0   0.620
395.0   0.618
394.0   0.617
393.0   0.616
392.0   0.615
391.0   0.614
390.0   0.614
389.0   0.613
388.0   0.614
387.0   0.614
386.0   0.615
385.0   0.615
384.0   0.616
383.0   0.616
382.0   0.617
381.0   0.618
380.0   0.619
379.0   0.620
378.0   0.621
377.0   0.622
376.0   0.623
375.0   0.624
374.0   0.626
373.0   0.628
372.0   0.630
371.0   0.631
370.0   0.633
369.0   0.635
368.0   0.637
367.0   0.640
366.0   0.642
365.0   0.639
364.0   0.641
363.0   0.643
362.0   0.646
361.0   0.649
360.0   0.651
359.0   0.654
358.0   0.656
357.0   0.659
356.0   0.661
355.0   0.665
354.0   0.667
353.0   0.670
352.0   0.673
351.0   0.675
350.0   0.679
349.0   0.681
348.0   0.685
347.0   0.688
346.0   0.691
345.0   0.694
344.0   0.697
343.0   0.700
342.0   0.703
341.0   0.707
340.0   0.720
339.0   0.723
338.0   0.725
337.0   0.729
336.0   0.733
335.0   0.736
334.0   0.740
333.0   0.744
332.0   0.746
331.0   0.750
330.0   0.754
329.0   0.758
328.0   0.761
327.0   0.765
326.0   0.770
325.0   0.773
324.0   0.777
323.0   0.781
322.0   0.785
321.0   0.790
320.0   0.794
319.0   0.798
318.0   0.803
317.0   0.807
316.0   0.813
315.0   0.818
314.0   0.824
313.0   0.831
312.0   0.837
311.0   0.846
310.0   0.855
309.0   0.864
308.0   0.877
307.0   0.892
306.0   0.923
305.0   0.939
304.0   0.965
303.0   0.997
302.0   1.036
301.0   1.079
300.0   1.129
299.0   1.191
298.0   1.262
297.0   1.339
296.0   1.428
295.0   1.539
294.0   1.668
293.0   1.803
292.0   1.943
291.0   2.093
290.0   2.239
289.0   2.375
288.0   2.529
287.0   2.662
286.0   2.810
285.0   2.910
284.0   3.038
283.0   3.121
282.0   3.221
281.0   3.350
280.0   3.230
279.0   3.359
278.0   3.364
277.0   3.368
276.0   3.374
275.0   3.255
274.0   3.387
273.0   3.269
272.0   3.180
271.0   3.189
270.0   3.119
269.0   3.062
268.0   3.016
267.0   2.931
266.0   2.864
265.0   2.809
264.0   2.738
263.0   2.680
262.0   2.631
261.0   2.573
260.0   2.526
259.0   2.473
258.0   2.438
257.0   2.407
256.0   2.345
255.0   2.324
254.0   2.305
253.0   2.288
252.0   2.298
251.0   2.310
250.0   2.348
249.0   2.388
248.0   2.465
247.0   2.513
246.0   2.610
245.0   2.728
244.0   2.979
243.0   3.112
242.0   3.296
241.0   3.604
240.0   3.609
239.0   4.000
238.0   4.000
237.0   4.000
236.0   4.000
235.0   4.000
234.0   4.000
233.0   4.000
232.0   4.000
231.0   4.000
230.0   4.000
229.0   4.000
228.0   4.000
227.0   4.000
226.0   4.000
225.0   4.000
224.0   4.000
223.0   4.000
222.0   4.000
221.0   4.000
220.0   4.000
219.0   4.000
218.0   4.000
217.0   4.000
216.0   4.000
215.0   4.000
214.0   4.000
213.0   3.994
212.0   3.976
211.0   3.955
210.0   4.000
209.0   4.000
208.0   3.876
207.0   3.845
206.0   4.000
205.0   4.000
204.0   4.000
203.0   3.690
202.0   4.000
201.0   3.590
200.0   4.000
199.0   4.000
198.0   4.000
197.0   3.968
196.0   4.000
195.0   4.000
194.0   4.000
193.0   4.000
192.0   4.000
191.0   4.000
190.0   3.408
