700.0   0.015
699.0   0.015
698.0   0.015
697.0   0.015
696.0   0.016
695.0   0.016
694.0   0.016
693.0   0.016
692.0   0.016
691.0   0.016
690.0   0.016
689.0   0.016
688.0   0.016
687.0   0.016
686.0   0.016
685.0   0.016
684.0   0.016
683.0   0.017
682.0   0.016
681.0   0.016
680.0   0.016
679.0   0.016
678.0   0.016
677.0   0.017
676.0   0.017
675.0   0.017
674.0   0.017
673.0   0.017
672.0   0.017
671.0   0.017
670.0   0.017
669.0   0.017
668.0   0.017
667.0   0.018
666.0   0.018
665.0   0.018
664.0   0.018
663.0   0.018
662.0   0.018
661.0   0.018
660.0   0.018
659.0   0.019
658.0   0.019
657.0   0.019
656.0   0.019
655.0   0.019
654.0   0.019
653.0   0.020
652.0   0.020
651.0   0.020
650.0   0.020
649.0   0.020
648.0   0.021
647.0   0.021
646.0   0.021
645.0   0.020
644.0   0.021
643.0   0.021
642.0   0.021
641.0   0.021
640.0   0.020
639.0   0.021
638.0   0.021
637.0   0.022
636.0   0.023
635.0   0.023
634.0   0.024
633.0   0.024
632.0   0.024
631.0   0.024
630.0   0.024
629.0   0.024
628.0   0.024
627.0   0.024
626.0   0.024
625.0   0.024
624.0   0.024
623.0   0.024
622.0   0.024
621.0   0.024
620.0   0.024
619.0   0.024
618.0   0.025
617.0   0.025
616.0   0.025
615.0   0.025
614.0   0.025
613.0   0.025
612.0   0.025
611.0   0.025
610.0   0.025
609.0   0.025
608.0   0.025
607.0   0.025
606.0   0.025
605.0   0.025
604.0   0.025
603.0   0.025
602.0   0.025
601.0   0.025
600.0   0.025
599.0   0.025
598.0   0.026
597.0   0.026
596.0   0.026
595.0   0.026
594.0   0.026
593.0   0.026
592.0   0.026
591.0   0.026
590.0   0.026
589.0   0.026
588.0   0.026
587.0   0.026
586.0   0.027
585.0   0.027
584.0   0.027
583.0   0.027
582.0   0.027
581.0   0.027
580.0   0.027
579.0   0.028
578.0   0.028
577.0   0.028
576.0   0.028
575.0   0.028
574.0   0.028
573.0   0.028
572.0   0.028
571.0   0.028
570.0   0.028
569.0   0.028
568.0   0.028
567.0   0.029
566.0   0.029
565.0   0.029
564.0   0.029
563.0   0.029
562.0   0.030
561.0   0.030
560.0   0.030
559.0   0.030
558.0   0.030
557.0   0.030
556.0   0.030
555.0   0.031
554.0   0.031
553.0   0.031
552.0   0.031
551.0   0.032
550.0   0.032
549.0   0.032
548.0   0.033
547.0   0.033
546.0   0.033
545.0   0.033
544.0   0.034
543.0   0.034
542.0   0.034
541.0   0.035
540.0   0.036
539.0   0.036
538.0   0.037
537.0   0.037
536.0   0.033
535.0   0.033
534.0   0.033
533.0   0.033
532.0   0.033
531.0   0.033
530.0   0.034
529.0   0.034
528.0   0.034
527.0   0.034
526.0   0.034
525.0   0.035
524.0   0.035
523.0   0.035
522.0   0.035
521.0   0.036
520.0   0.036
519.0   0.036
518.0   0.036
517.0   0.036
516.0   0.037
515.0   0.037
514.0   0.037
513.0   0.037
512.0   0.038
511.0   0.038
510.0   0.038
509.0   0.038
508.0   0.038
507.0   0.038
506.0   0.039
505.0   0.039
504.0   0.039
503.0   0.040
502.0   0.040
501.0   0.040
500.0   0.040
499.0   0.040
498.0   0.040
497.0   0.041
496.0   0.041
495.0   0.040
494.0   0.041
493.0   0.041
492.0   0.041
491.0   0.042
490.0   0.042
489.0   0.041
488.0   0.042
487.0   0.042
486.0   0.042
485.0   0.042
484.0   0.042
483.0   0.042
482.0   0.043
481.0   0.043
480.0   0.043
479.0   0.043
478.0   0.043
477.0   0.044
476.0   0.044
475.0   0.044
474.0   0.044
473.0   0.045
472.0   0.045
471.0   0.045
470.0   0.045
469.0   0.046
468.0   0.046
467.0   0.046
466.0   0.047
465.0   0.047
464.0   0.046
463.0   0.046
462.0   0.047
461.0   0.047
460.0   0.047
459.0   0.047
458.0   0.048
457.0   0.048
456.0   0.049
455.0   0.050
454.0   0.050
453.0   0.051
452.0   0.052
451.0   0.053
450.0   0.053
449.0   0.054
448.0   0.055
447.0   0.055
446.0   0.056
445.0   0.056
444.0   0.057
443.0   0.057
442.0   0.058
441.0   0.058
440.0   0.059
439.0   0.059
438.0   0.060
437.0   0.061
436.0   0.062
435.0   0.063
434.0   0.064
433.0   0.065
432.0   0.066
431.0   0.068
430.0   0.069
429.0   0.071
428.0   0.073
427.0   0.075
426.0   0.077
425.0   0.080
424.0   0.082
423.0   0.085
422.0   0.088
421.0   0.092
420.0   0.095
419.0   0.099
418.0   0.104
417.0   0.109
416.0   0.114
415.0   0.118
414.0   0.124
413.0   0.131
412.0   0.138
411.0   0.145
410.0   0.151
409.0   0.158
408.0   0.163
407.0   0.168
406.0   0.172
405.0   0.174
404.0   0.175
403.0   0.175
402.0   0.173
401.0   0.172
400.0   0.169
399.0   0.166
398.0   0.162
397.0   0.159
396.0   0.156
395.0   0.152
394.0   0.149
393.0   0.146
392.0   0.144
391.0   0.141
390.0   0.139
389.0   0.137
388.0   0.136
387.0   0.134
386.0   0.133
385.0   0.131
384.0   0.131
383.0   0.129
382.0   0.128
381.0   0.128
380.0   0.127
379.0   0.126
378.0   0.125
377.0   0.125
376.0   0.124
375.0   0.124
374.0   0.123
373.0   0.123
372.0   0.123
371.0   0.123
370.0   0.123
369.0   0.123
368.0   0.123
367.0   0.124
366.0   0.124
365.0   0.124
364.0   0.125
363.0   0.125
362.0   0.125
361.0   0.126
360.0   0.126
359.0   0.127
358.0   0.127
357.0   0.128
356.0   0.128
355.0   0.129
354.0   0.130
353.0   0.130
352.0   0.131
351.0   0.131
350.0   0.132
349.0   0.133
348.0   0.134
347.0   0.134
346.0   0.135
345.0   0.136
344.0   0.137
343.0   0.138
342.0   0.139
341.0   0.140
340.0   0.147
339.0   0.147
338.0   0.148
337.0   0.149
336.0   0.151
335.0   0.152
334.0   0.153
333.0   0.155
332.0   0.155
331.0   0.156
330.0   0.157
329.0   0.159
328.0   0.161
327.0   0.161
326.0   0.164
325.0   0.165
324.0   0.166
323.0   0.168
322.0   0.170
321.0   0.171
320.0   0.173
319.0   0.175
318.0   0.177
317.0   0.179
316.0   0.182
315.0   0.185
314.0   0.189
313.0   0.192
312.0   0.196
311.0   0.201
310.0   0.208
309.0   0.215
308.0   0.224
307.0   0.237
306.0   0.261
305.0   0.275
304.0   0.298
303.0   0.326
302.0   0.362
301.0   0.402
300.0   0.450
299.0   0.508
298.0   0.575
297.0   0.648
296.0   0.735
295.0   0.843
294.0   0.968
293.0   1.099
292.0   1.240
291.0   1.391
290.0   1.540
289.0   1.677
288.0   1.812
287.0   1.951
286.0   2.094
285.0   2.222
284.0   2.354
283.0   2.458
282.0   2.545
281.0   2.597
280.0   2.628
279.0   2.660
278.0   2.665
277.0   2.669
276.0   2.675
275.0   2.653
274.0   2.633
273.0   2.592
272.0   2.537
271.0   2.473
270.0   2.435
269.0   2.363
268.0   2.296
267.0   2.232
266.0   2.158
265.0   2.086
264.0   2.004
263.0   1.936
262.0   1.872
261.0   1.812
260.0   1.752
259.0   1.697
258.0   1.646
257.0   1.597
256.0   1.551
255.0   1.521
254.0   1.499
253.0   1.483
252.0   1.485
251.0   1.493
250.0   1.511
249.0   1.547
248.0   1.595
247.0   1.662
246.0   1.751
245.0   1.865
244.0   2.001
243.0   2.174
242.0   2.393
241.0   2.649
240.0   2.910
239.0   3.313
238.0   3.617
237.0   4.000
236.0   3.618
235.0   3.615
234.0   4.000
233.0   3.606
232.0   3.599
231.0   3.591
230.0   3.582
229.0   3.574
228.0   3.564
227.0   3.555
226.0   3.546
225.0   3.536
224.0   4.000
223.0   4.000
222.0   4.000
221.0   3.498
220.0   3.489
219.0   4.000
218.0   4.000
217.0   4.000
216.0   4.000
215.0   3.426
214.0   3.408
213.0   3.693
212.0   3.976
211.0   3.654
210.0   3.630
209.0   3.903
208.0   3.575
207.0   3.845
206.0   3.509
205.0   3.471
204.0   3.734
203.0   3.389
202.0   3.642
201.0   3.289
200.0   3.239
199.0   3.485
198.0   3.127
197.0   3.269
196.0   3.214
195.0   3.152
194.0   3.081
193.0   3.009
192.0   2.926
191.0   2.827
190.0   2.806
