700.0   0.122
699.0   0.122
698.0   0.122
697.0   0.123
696.0   0.123
695.0   0.123
694.0   0.124
693.0   0.124
692.0   0.124
691.0   0.125
690.0   0.125
689.0   0.125
688.0   0.126
687.0   0.126
686.0   0.126
685.0   0.126
684.0   0.127
683.0   0.127
682.0   0.127
681.0   0.128
680.0   0.128
679.0   0.128
678.0   0.128
677.0   0.129
676.0   0.129
675.0   0.130
674.0   0.130
673.0   0.130
672.0   0.131
671.0   0.131
670.0   0.131
669.0   0.131
668.0   0.132
667.0   0.132
666.0   0.133
665.0   0.133
664.0   0.134
663.0   0.134
662.0   0.134
661.0   0.134
660.0   0.134
659.0   0.135
658.0   0.135
657.0   0.136
656.0   0.136
655.0   0.137
654.0   0.137
653.0   0.137
652.0   0.138
651.0   0.138
650.0   0.139
649.0   0.139
648.0   0.140
647.0   0.140
646.0   0.141
645.0   0.141
644.0   0.141
643.0   0.141
642.0   0.141
641.0   0.142
640.0   0.142
639.0   0.142
638.0   0.143
637.0   0.144
636.0   0.145
635.0   0.146
634.0   0.147
633.0   0.147
632.0   0.148
631.0   0.148
630.0   0.148
629.0   0.149
628.0   0.149
627.0   0.149
626.0   0.149
625.0   0.150
624.0   0.150
623.0   0.151
622.0   0.151
621.0   0.151
620.0   0.151
619.0   0.152
618.0   0.152
617.0   0.152
616.0   0.153
615.0   0.153
614.0   0.153
613.0   0.154
612.0   0.154
611.0   0.154
610.0   0.155
609.0   0.155
608.0   0.156
607.0   0.156
606.0   0.156
605.0   0.156
604.0   0.157
603.0   0.157
602.0   0.158
601.0   0.158
600.0   0.159
599.0   0.159
598.0   0.159
597.0   0.160
596.0   0.160
595.0   0.161
594.0   0.161
593.0   0.161
592.0   0.162
591.0   0.162
590.0   0.162
589.0   0.163
588.0   0.164
587.0   0.164
586.0   0.165
585.0   0.165
584.0   0.166
583.0   0.166
582.0   0.166
581.0   0.167
580.0   0.168
579.0   0.168
578.0   0.168
577.0   0.169
576.0   0.169
575.0   0.170
574.0   0.170
573.0   0.171
572.0   0.171
571.0   0.172
570.0   0.172
569.0   0.173
568.0   0.173
567.0   0.173
566.0   0.174
565.0   0.175
564.0   0.175
563.0   0.175
562.0   0.176
561.0   0.176
560.0   0.177
559.0   0.178
558.0   0.178
557.0   0.179
556.0   0.179
555.0   0.180
554.0   0.180
553.0   0.181
552.0   0.181
551.0   0.182
550.0   0.183
549.0   0.183
548.0   0.184
547.0   0.185
546.0   0.185
545.0   0.186
544.0   0.187
543.0   0.188
542.0   0.188
541.0   0.190
540.0   0.190
539.0   0.191
538.0   0.192
537.0   0.193
536.0   0.189
535.0   0.190
534.0   0.190
533.0   0.191
532.0   0.191
531.0   0.192
530.0   0.192
529.0   0.193
528.0   0.194
527.0   0.194
526.0   0.195
525.0   0.195
524.0   0.196
523.0   0.196
522.0   0.197
521.0   0.198
520.0   0.198
519.0   0.199
518.0   0.200
517.0   0.200
516.0   0.201
515.0   0.202
514.0   0.202
513.0   0.203
512.0   0.204
511.0   0.204
510.0   0.205
509.0   0.205
508.0   0.206
507.0   0.207
506.0   0.207
505.0   0.208
504.0   0.209
503.0   0.209
502.0   0.210
501.0   0.210
500.0   0.211
499.0   0.212
498.0   0.212
497.0   0.213
496.0   0.214
495.0   0.214
494.0   0.215
493.0   0.215
492.0   0.216
491.0   0.217
490.0   0.218
489.0   0.218
488.0   0.218
487.0   0.219
486.0   0.220
485.0   0.221
484.0   0.221
483.0   0.222
482.0   0.223
481.0   0.223
480.0   0.224
479.0   0.225
478.0   0.225
477.0   0.226
476.0   0.227
475.0   0.227
474.0   0.228
473.0   0.229
472.0   0.230
471.0   0.230
470.0   0.231
469.0   0.232
468.0   0.233
467.0   0.234
466.0   0.234
465.0   0.235
464.0   0.235
463.0   0.236
462.0   0.237
461.0   0.237
460.0   0.238
459.0   0.239
458.0   0.240
457.0   0.241
456.0   0.242
455.0   0.244
454.0   0.245
453.0   0.246
452.0   0.247
451.0   0.249
450.0   0.250
449.0   0.251
448.0   0.253
447.0   0.254
446.0   0.255
445.0   0.257
444.0   0.257
443.0   0.258
442.0   0.259
441.0   0.260
440.0   0.262
439.0   0.263
438.0   0.264
437.0   0.266
436.0   0.267
435.0   0.268
434.0   0.271
433.0   0.272
432.0   0.274
431.0   0.276
430.0   0.278
429.0   0.281
428.0   0.283
427.0   0.286
426.0   0.289
425.0   0.293
424.0   0.296
423.0   0.300
422.0   0.304
421.0   0.308
420.0   0.313
419.0   0.317
418.0   0.323
417.0   0.329
416.0   0.334
415.0   0.339
414.0   0.345
413.0   0.352
412.0   0.360
411.0   0.367
410.0   0.374
409.0   0.380
408.0   0.386
407.0   0.390
406.0   0.394
405.0   0.396
404.0   0.397
403.0   0.397
402.0   0.397
401.0   0.395
400.0   0.393
399.0   0.390
398.0   0.388
397.0   0.385
396.0   0.382
395.0   0.380
394.0   0.378
393.0   0.375
392.0   0.374
391.0   0.372
390.0   0.370
389.0   0.369
388.0   0.368
387.0   0.368
386.0   0.367
385.0   0.367
384.0   0.367
383.0   0.366
382.0   0.366
381.0   0.366
380.0   0.366
379.0   0.366
378.0   0.366
377.0   0.366
376.0   0.367
375.0   0.367
374.0   0.367
373.0   0.368
372.0   0.368
371.0   0.369
370.0   0.370
369.0   0.370
368.0   0.372
367.0   0.373
366.0   0.375
365.0   0.374
364.0   0.376
363.0   0.377
362.0   0.378
361.0   0.380
360.0   0.381
359.0   0.382
358.0   0.383
357.0   0.385
356.0   0.387
355.0   0.388
354.0   0.390
353.0   0.391
352.0   0.393
351.0   0.395
350.0   0.396
349.0   0.398
348.0   0.400
347.0   0.401
346.0   0.404
345.0   0.405
344.0   0.407
343.0   0.409
342.0   0.411
341.0   0.413
340.0   0.416
339.0   0.417
338.0   0.419
337.0   0.421
336.0   0.423
335.0   0.426
334.0   0.428
333.0   0.430
332.0   0.432
331.0   0.435
330.0   0.437
329.0   0.439
328.0   0.441
327.0   0.443
326.0   0.448
325.0   0.449
324.0   0.452
323.0   0.454
322.0   0.457
321.0   0.460
320.0   0.463
319.0   0.465
318.0   0.469
317.0   0.472
316.0   0.475
315.0   0.479
314.0   0.484
313.0   0.489
312.0   0.494
311.0   0.500
310.0   0.508
309.0   0.517
308.0   0.526
307.0   0.540
306.0   0.566
305.0   0.581
304.0   0.605
303.0   0.635
302.0   0.672
301.0   0.713
300.0   0.761
299.0   0.820
298.0   0.890
297.0   0.964
296.0   1.052
295.0   1.160
294.0   1.288
293.0   1.418
292.0   1.560
291.0   1.712
290.0   1.858
289.0   1.994
288.0   2.126
287.0   2.277
286.0   2.412
285.0   2.534
284.0   2.702
283.0   2.778
282.0   2.869
281.0   2.924
280.0   2.929
279.0   2.991
278.0   2.938
277.0   3.000
276.0   2.948
275.0   2.954
274.0   2.961
273.0   2.916
272.0   2.879
271.0   2.809
270.0   2.751
269.0   2.703
268.0   2.640
267.0   2.551
266.0   2.496
265.0   2.424
264.0   2.345
263.0   2.282
262.0   2.215
261.0   2.160
260.0   2.103
259.0   2.052
258.0   2.007
257.0   1.943
256.0   1.915
255.0   1.891
254.0   1.869
253.0   1.858
252.0   1.859
251.0   1.870
250.0   1.891
249.0   1.932
248.0   1.976
247.0   2.049
246.0   2.132
245.0   2.251
244.0   2.377
243.0   2.589
242.0   2.752
241.0   3.002
240.0   3.308
239.0   3.614
238.0   4.000
237.0   4.000
236.0   4.000
235.0   4.000
234.0   4.000
233.0   4.000
232.0   4.000
231.0   4.000
230.0   4.000
229.0   4.000
228.0   3.564
227.0   4.000
226.0   4.000
225.0   4.000
224.0   4.000
223.0   4.000
222.0   4.000
221.0   4.000
220.0   4.000
219.0   4.000
218.0   4.000
217.0   3.453
216.0   3.440
215.0   4.000
214.0   4.000
213.0   3.994
212.0   3.976
211.0   4.000
210.0   3.931
209.0   4.000
208.0   3.876
207.0   3.845
206.0   3.810
205.0   3.772
204.0   4.000
203.0   3.690
202.0   3.642
201.0   3.590
200.0   3.540
199.0   3.485
198.0   3.428
197.0   3.667
196.0   3.611
195.0   3.550
194.0   3.479
193.0   3.407
192.0   3.324
191.0   3.225
190.0   3.107
