700.0   0.106
699.0   0.107
698.0   0.107
697.0   0.107
696.0   0.108
695.0   0.108
694.0   0.108
693.0   0.109
692.0   0.109
691.0   0.110
690.0   0.110
689.0   0.110
688.0   0.110
687.0   0.111
686.0   0.111
685.0   0.111
684.0   0.112
683.0   0.112
682.0   0.112
681.0   0.113
680.0   0.113
679.0   0.113
678.0   0.114
677.0   0.114
676.0   0.115
675.0   0.115
674.0   0.115
673.0   0.116
672.0   0.116
671.0   0.117
670.0   0.117
669.0   0.117
668.0   0.117
667.0   0.118
666.0   0.118
665.0   0.119
664.0   0.119
663.0   0.119
662.0   0.120
661.0   0.120
660.0   0.121
659.0   0.121
658.0   0.122
657.0   0.122
656.0   0.122
655.0   0.123
654.0   0.123
653.0   0.124
652.0   0.124
651.0   0.125
650.0   0.125
649.0   0.125
648.0   0.126
647.0   0.127
646.0   0.127
645.0   0.128
644.0   0.128
643.0   0.128
642.0   0.129
641.0   0.129
640.0   0.129
639.0   0.130
638.0   0.130
637.0   0.131
636.0   0.132
635.0   0.133
634.0   0.134
633.0   0.134
632.0   0.135
631.0   0.135
630.0   0.135
629.0   0.136
628.0   0.136
627.0   0.136
626.0   0.137
625.0   0.137
624.0   0.138
623.0   0.138
622.0   0.139
621.0   0.139
620.0   0.139
619.0   0.140
618.0   0.140
617.0   0.141
616.0   0.141
615.0   0.141
614.0   0.142
613.0   0.142
612.0   0.143
611.0   0.143
610.0   0.144
609.0   0.144
608.0   0.145
607.0   0.145
606.0   0.145
605.0   0.146
604.0   0.146
603.0   0.147
602.0   0.147
601.0   0.148
600.0   0.149
599.0   0.149
598.0   0.150
597.0   0.150
596.0   0.151
595.0   0.151
594.0   0.152
593.0   0.152
592.0   0.153
591.0   0.153
590.0   0.154
589.0   0.155
588.0   0.155
587.0   0.156
586.0   0.156
585.0   0.157
584.0   0.158
583.0   0.158
582.0   0.159
581.0   0.160
580.0   0.161
579.0   0.162
578.0   0.162
577.0   0.163
576.0   0.164
575.0   0.164
574.0   0.165
573.0   0.165
572.0   0.166
571.0   0.166
570.0   0.167
569.0   0.167
568.0   0.168
567.0   0.168
566.0   0.169
565.0   0.170
564.0   0.170
563.0   0.171
562.0   0.171
561.0   0.172
560.0   0.172
559.0   0.173
558.0   0.173
557.0   0.174
556.0   0.175
555.0   0.176
554.0   0.176
553.0   0.177
552.0   0.178
551.0   0.179
550.0   0.179
549.0   0.180
548.0   0.181
547.0   0.182
546.0   0.182
545.0   0.184
544.0   0.184
543.0   0.185
542.0   0.186
541.0   0.187
540.0   0.188
539.0   0.189
538.0   0.190
537.0   0.191
536.0   0.189
535.0   0.190
534.0   0.190
533.0   0.191
532.0   0.192
531.0   0.192
530.0   0.193
529.0   0.194
528.0   0.194
527.0   0.195
526.0   0.195
525.0   0.196
524.0   0.197
523.0   0.198
522.0   0.198
521.0   0.199
520.0   0.200
519.0   0.201
518.0   0.201
517.0   0.202
516.0   0.203
515.0   0.203
514.0   0.204
513.0   0.205
512.0   0.206
511.0   0.207
510.0   0.208
509.0   0.208
508.0   0.209
507.0   0.210
506.0   0.211
505.0   0.212
504.0   0.212
503.0   0.213
502.0   0.214
501.0   0.215
500.0   0.216
499.0   0.216
498.0   0.217
497.0   0.219
496.0   0.219
495.0   0.219
494.0   0.221
493.0   0.221
492.0   0.222
491.0   0.223
490.0   0.224
489.0   0.224
488.0   0.226
487.0   0.227
486.0   0.228
485.0   0.228
484.0   0.229
483.0   0.230
482.0   0.231
481.0   0.232
480.0   0.233
479.0   0.234
478.0   0.235
477.0   0.236
476.0   0.237
475.0   0.238
474.0   0.238
473.0   0.240
472.0   0.240
471.0   0.241
470.0   0.243
469.0   0.244
468.0   0.245
467.0   0.246
466.0   0.247
465.0   0.248
464.0   0.249
463.0   0.250
462.0   0.251
461.0   0.252
460.0   0.253
459.0   0.254
458.0   0.256
457.0   0.257
456.0   0.258
455.0   0.260
454.0   0.261
453.0   0.263
452.0   0.264
451.0   0.265
450.0   0.267
449.0   0.268
448.0   0.270
447.0   0.271
446.0   0.273
445.0   0.275
444.0   0.276
443.0   0.277
442.0   0.279
441.0   0.281
440.0   0.282
439.0   0.284
438.0   0.286
437.0   0.288
436.0   0.290
435.0   0.292
434.0   0.294
433.0   0.297
432.0   0.299
431.0   0.302
430.0   0.305
429.0   0.308
428.0   0.311
427.0   0.315
426.0   0.318
425.0   0.323
424.0   0.327
423.0   0.331
422.0   0.336
421.0   0.341
420.0   0.346
419.0   0.351
418.0   0.357
417.0   0.364
416.0   0.370
415.0   0.374
414.0   0.380
413.0   0.386
412.0   0.392
411.0   0.397
410.0   0.402
409.0   0.407
408.0   0.411
407.0   0.414
406.0   0.416
405.0   0.418
404.0   0.418
403.0   0.418
402.0   0.417
401.0   0.417
400.0   0.415
399.0   0.413
398.0   0.411
397.0   0.409
396.0   0.408
395.0   0.406
394.0   0.405
393.0   0.403
392.0   0.402
391.0   0.402
390.0   0.401
389.0   0.401
388.0   0.400
387.0   0.400
386.0   0.401
385.0   0.401
384.0   0.401
383.0   0.401
382.0   0.402
381.0   0.402
380.0   0.403
379.0   0.404
378.0   0.405
377.0   0.406
376.0   0.406
375.0   0.408
374.0   0.408
373.0   0.410
372.0   0.411
371.0   0.412
370.0   0.414
369.0   0.416
368.0   0.417
367.0   0.420
366.0   0.421
365.0   0.419
364.0   0.422
363.0   0.423
362.0   0.426
361.0   0.428
360.0   0.430
359.0   0.432
358.0   0.433
357.0   0.436
356.0   0.438
355.0   0.440
354.0   0.443
353.0   0.445
352.0   0.447
351.0   0.449
350.0   0.452
349.0   0.455
348.0   0.457
347.0   0.460
346.0   0.462
345.0   0.465
344.0   0.467
343.0   0.470
342.0   0.473
341.0   0.475
340.0   0.497
339.0   0.499
338.0   0.503
337.0   0.505
336.0   0.508
335.0   0.512
334.0   0.514
333.0   0.517
332.0   0.521
331.0   0.524
330.0   0.527
329.0   0.530
328.0   0.534
327.0   0.537
326.0   0.541
325.0   0.544
324.0   0.548
323.0   0.550
322.0   0.555
321.0   0.559
320.0   0.563
319.0   0.567
318.0   0.571
317.0   0.574
316.0   0.579
315.0   0.584
314.0   0.590
313.0   0.595
312.0   0.602
311.0   0.609
310.0   0.618
309.0   0.627
308.0   0.638
307.0   0.653
306.0   0.684
305.0   0.700
304.0   0.724
303.0   0.755
302.0   0.793
301.0   0.835
300.0   0.885
299.0   0.944
298.0   1.014
297.0   1.088
296.0   1.176
295.0   1.286
294.0   1.412
293.0   1.544
292.0   1.686
291.0   1.836
290.0   1.988
289.0   2.126
288.0   2.263
287.0   2.393
286.0   2.531
285.0   2.667
284.0   2.816
283.0   2.917
282.0   3.045
281.0   3.129
280.0   3.133
279.0   3.137
278.0   3.142
277.0   3.146
276.0   3.249
275.0   3.158
274.0   3.165
273.0   3.093
272.0   3.034
271.0   2.985
270.0   2.897
269.0   2.866
268.0   2.805
267.0   2.727
266.0   2.664
265.0   2.594
264.0   2.521
263.0   2.450
262.0   2.391
261.0   2.333
260.0   2.277
259.0   2.230
258.0   2.183
257.0   2.147
256.0   2.117
255.0   2.090
254.0   2.067
253.0   2.061
252.0   2.071
251.0   2.099
250.0   2.109
249.0   2.154
248.0   2.222
247.0   2.275
246.0   2.360
245.0   2.494
244.0   2.678
243.0   2.811
242.0   3.120
241.0   3.303
240.0   3.609
239.0   4.000
238.0   4.000
237.0   4.000
236.0   4.000
235.0   4.000
234.0   4.000
233.0   4.000
232.0   4.000
231.0   4.000
230.0   4.000
229.0   4.000
228.0   4.000
227.0   4.000
226.0   4.000
225.0   4.000
224.0   4.000
223.0   4.000
222.0   4.000
221.0   4.000
220.0   4.000
219.0   4.000
218.0   4.000
217.0   4.000
216.0   4.000
215.0   4.000
214.0   4.000
213.0   4.000
212.0   4.000
211.0   4.000
210.0   4.000
209.0   4.000
208.0   4.000
207.0   4.000
206.0   4.000
205.0   4.000
204.0   4.000
203.0   4.000
202.0   4.000
201.0   4.000
200.0   4.000
199.0   4.000
198.0   4.000
197.0   4.000
196.0   4.000
195.0   4.000
194.0   4.000
193.0   4.000
192.0   4.000
191.0   4.000
190.0   4.000
