700.0   0.129
699.0   0.130
698.0   0.130
697.0   0.130
696.0   0.131
695.0   0.131
694.0   0.132
693.0   0.132
692.0   0.132
691.0   0.133
690.0   0.133
689.0   0.134
688.0   0.134
687.0   0.135
686.0   0.135
685.0   0.135
684.0   0.136
683.0   0.136
682.0   0.137
681.0   0.137
680.0   0.137
679.0   0.138
678.0   0.138
677.0   0.139
676.0   0.139
675.0   0.140
674.0   0.140
673.0   0.140
672.0   0.141
671.0   0.141
670.0   0.141
669.0   0.142
668.0   0.142
667.0   0.143
666.0   0.143
665.0   0.144
664.0   0.144
663.0   0.145
662.0   0.145
661.0   0.146
660.0   0.146
659.0   0.147
658.0   0.147
657.0   0.148
656.0   0.148
655.0   0.149
654.0   0.149
653.0   0.150
652.0   0.150
651.0   0.151
650.0   0.151
649.0   0.152
648.0   0.152
647.0   0.153
646.0   0.154
645.0   0.154
644.0   0.154
643.0   0.155
642.0   0.155
641.0   0.156
640.0   0.156
639.0   0.156
638.0   0.157
637.0   0.158
636.0   0.159
635.0   0.160
634.0   0.161
633.0   0.161
632.0   0.162
631.0   0.162
630.0   0.163
629.0   0.163
628.0   0.164
627.0   0.164
626.0   0.165
625.0   0.165
624.0   0.166
623.0   0.166
622.0   0.167
621.0   0.167
620.0   0.167
619.0   0.168
618.0   0.168
617.0   0.169
616.0   0.169
615.0   0.170
614.0   0.170
613.0   0.171
612.0   0.171
611.0   0.172
610.0   0.172
609.0   0.173
608.0   0.174
607.0   0.174
606.0   0.175
605.0   0.175
604.0   0.176
603.0   0.177
602.0   0.177
601.0   0.178
600.0   0.178
599.0   0.179
598.0   0.179
597.0   0.180
596.0   0.180
595.0   0.181
594.0   0.182
593.0   0.182
592.0   0.183
591.0   0.184
590.0   0.184
589.0   0.185
588.0   0.186
587.0   0.186
586.0   0.187
585.0   0.188
584.0   0.189
583.0   0.189
582.0   0.190
581.0   0.191
580.0   0.192
579.0   0.193
578.0   0.193
577.0   0.194
576.0   0.195
575.0   0.196
574.0   0.196
573.0   0.197
572.0   0.198
571.0   0.198
570.0   0.199
569.0   0.199
568.0   0.200
567.0   0.200
566.0   0.201
565.0   0.202
564.0   0.203
563.0   0.203
562.0   0.204
561.0   0.204
560.0   0.205
559.0   0.206
558.0   0.207
557.0   0.207
556.0   0.208
555.0   0.209
554.0   0.210
553.0   0.210
552.0   0.211
551.0   0.212
550.0   0.213
549.0   0.214
548.0   0.215
547.0   0.216
546.0   0.217
545.0   0.218
544.0   0.219
543.0   0.220
542.0   0.220
541.0   0.222
540.0   0.223
539.0   0.224
538.0   0.225
537.0   0.226
536.0   0.224
535.0   0.225
534.0   0.225
533.0   0.226
532.0   0.227
531.0   0.228
530.0   0.228
529.0   0.229
528.0   0.230
527.0   0.231
526.0   0.231
525.0   0.232
524.0   0.233
523.0   0.234
522.0   0.235
521.0   0.236
520.0   0.236
519.0   0.238
518.0   0.239
517.0   0.239
516.0   0.240
515.0   0.241
514.0   0.242
513.0   0.243
512.0   0.244
511.0   0.245
510.0   0.245
509.0   0.246
508.0   0.247
507.0   0.248
506.0   0.249
505.0   0.250
504.0   0.251
503.0   0.252
502.0   0.253
501.0   0.254
500.0   0.254
499.0   0.255
498.0   0.257
497.0   0.258
496.0   0.258
495.0   0.259
494.0   0.260
493.0   0.261
492.0   0.262
491.0   0.264
490.0   0.264
489.0   0.265
488.0   0.266
487.0   0.267
486.0   0.268
485.0   0.269
484.0   0.270
483.0   0.271
482.0   0.272
481.0   0.273
480.0   0.275
479.0   0.276
478.0   0.277
477.0   0.278
476.0   0.279
475.0   0.280
474.0   0.281
473.0   0.282
472.0   0.283
471.0   0.284
470.0   0.286
469.0   0.287
468.0   0.288
467.0   0.290
466.0   0.291
465.0   0.292
464.0   0.293
463.0   0.294
462.0   0.295
461.0   0.297
460.0   0.298
459.0   0.299
458.0   0.301
457.0   0.302
456.0   0.303
455.0   0.305
454.0   0.306
453.0   0.308
452.0   0.310
451.0   0.311
450.0   0.313
449.0   0.315
448.0   0.317
447.0   0.318
446.0   0.320
445.0   0.322
444.0   0.323
443.0   0.325
442.0   0.326
441.0   0.328
440.0   0.330
439.0   0.332
438.0   0.334
437.0   0.336
436.0   0.338
435.0   0.340
434.0   0.343
433.0   0.345
432.0   0.348
431.0   0.351
430.0   0.354
429.0   0.357
428.0   0.361
427.0   0.365
426.0   0.368
425.0   0.373
424.0   0.377
423.0   0.382
422.0   0.387
421.0   0.393
420.0   0.398
419.0   0.404
418.0   0.410
417.0   0.416
416.0   0.423
415.0   0.428
414.0   0.434
413.0   0.440
412.0   0.446
411.0   0.453
410.0   0.458
409.0   0.463
408.0   0.467
407.0   0.471
406.0   0.473
405.0   0.475
404.0   0.476
403.0   0.476
402.0   0.475
401.0   0.474
400.0   0.473
399.0   0.471
398.0   0.469
397.0   0.467
396.0   0.465
395.0   0.464
394.0   0.463
393.0   0.461
392.0   0.460
391.0   0.460
390.0   0.459
389.0   0.459
388.0   0.459
387.0   0.459
386.0   0.459
385.0   0.460
384.0   0.460
383.0   0.461
382.0   0.461
381.0   0.462
380.0   0.463
379.0   0.464
378.0   0.465
377.0   0.466
376.0   0.467
375.0   0.469
374.0   0.470
373.0   0.471
372.0   0.473
371.0   0.475
370.0   0.477
369.0   0.478
368.0   0.480
367.0   0.483
366.0   0.485
365.0   0.487
364.0   0.490
363.0   0.492
362.0   0.494
361.0   0.496
360.0   0.499
359.0   0.501
358.0   0.503
357.0   0.506
356.0   0.509
355.0   0.511
354.0   0.514
353.0   0.516
352.0   0.520
351.0   0.522
350.0   0.525
349.0   0.528
348.0   0.530
347.0   0.533
346.0   0.536
345.0   0.539
344.0   0.542
343.0   0.546
342.0   0.548
341.0   0.552
340.0   0.557
339.0   0.559
338.0   0.562
337.0   0.565
336.0   0.569
335.0   0.573
334.0   0.575
333.0   0.580
332.0   0.583
331.0   0.587
330.0   0.591
329.0   0.594
328.0   0.597
327.0   0.601
326.0   0.606
325.0   0.609
324.0   0.613
323.0   0.617
322.0   0.622
321.0   0.626
320.0   0.630
319.0   0.634
318.0   0.639
317.0   0.643
316.0   0.649
315.0   0.654
314.0   0.660
313.0   0.666
312.0   0.672
311.0   0.682
310.0   0.691
309.0   0.700
308.0   0.712
307.0   0.727
306.0   0.756
305.0   0.772
304.0   0.797
303.0   0.828
302.0   0.866
301.0   0.909
300.0   0.958
299.0   1.020
298.0   1.090
297.0   1.165
296.0   1.255
295.0   1.364
294.0   1.494
293.0   1.626
292.0   1.767
291.0   1.922
290.0   2.067
289.0   2.205
288.0   2.360
287.0   2.486
286.0   2.634
285.0   2.772
284.0   2.913
283.0   3.042
282.0   3.045
281.0   3.129
280.0   3.230
279.0   3.234
278.0   3.239
277.0   3.368
276.0   3.249
275.0   3.255
274.0   3.262
273.0   3.172
272.0   3.180
271.0   3.110
270.0   2.943
269.0   2.953
268.0   2.877
267.0   2.817
266.0   2.767
265.0   2.700
264.0   2.626
263.0   2.550
262.0   2.501
261.0   2.448
260.0   2.384
259.0   2.339
258.0   2.324
257.0   2.244
256.0   2.229
255.0   2.192
254.0   2.180
253.0   2.191
252.0   2.180
251.0   2.213
250.0   2.223
249.0   2.256
248.0   2.314
247.0   2.408
246.0   2.485
245.0   2.619
244.0   2.736
243.0   2.890
242.0   3.120
241.0   3.303
240.0   3.609
239.0   4.000
238.0   4.000
237.0   4.000
236.0   4.000
235.0   4.000
234.0   4.000
233.0   4.000
232.0   4.000
231.0   4.000
230.0   4.000
229.0   4.000
228.0   4.000
227.0   4.000
226.0   4.000
225.0   4.000
224.0   4.000
223.0   4.000
222.0   4.000
221.0   4.000
220.0   4.000
219.0   4.000
218.0   4.000
217.0   4.000
216.0   4.000
215.0   4.000
214.0   4.000
213.0   4.000
212.0   4.000
211.0   4.000
210.0   4.000
209.0   4.000
208.0   4.000
207.0   4.000
206.0   4.000
205.0   4.000
204.0   4.000
203.0   4.000
202.0   4.000
201.0   4.000
200.0   4.000
199.0   4.000
198.0   4.000
197.0   4.000
196.0   4.000
195.0   4.000
194.0   4.000
193.0   4.000
192.0   4.000
191.0   4.000
190.0   4.000
