700.0   0.036
699.0   0.036
698.0   0.036
697.0   0.036
696.0   0.036
695.0   0.036
694.0   0.037
693.0   0.036
692.0   0.037
691.0   0.037
690.0   0.037
689.0   0.037
688.0   0.037
687.0   0.037
686.0   0.038
685.0   0.037
684.0   0.038
683.0   0.038
682.0   0.038
681.0   0.038
680.0   0.038
679.0   0.038
678.0   0.038
677.0   0.038
676.0   0.038
675.0   0.038
674.0   0.038
673.0   0.039
672.0   0.039
671.0   0.039
670.0   0.039
669.0   0.039
668.0   0.039
667.0   0.040
666.0   0.040
665.0   0.040
664.0   0.040
663.0   0.040
662.0   0.041
661.0   0.041
660.0   0.041
659.0   0.041
658.0   0.041
657.0   0.041
656.0   0.041
655.0   0.042
654.0   0.042
653.0   0.042
652.0   0.042
651.0   0.043
650.0   0.043
649.0   0.043
648.0   0.043
647.0   0.044
646.0   0.044
645.0   0.043
644.0   0.044
643.0   0.044
642.0   0.044
641.0   0.044
640.0   0.044
639.0   0.044
638.0   0.044
637.0   0.045
636.0   0.046
635.0   0.047
634.0   0.047
633.0   0.047
632.0   0.048
631.0   0.048
630.0   0.048
629.0   0.048
628.0   0.048
627.0   0.048
626.0   0.048
625.0   0.048
624.0   0.048
623.0   0.048
622.0   0.048
621.0   0.049
620.0   0.049
619.0   0.049
618.0   0.049
617.0   0.049
616.0   0.049
615.0   0.049
614.0   0.049
613.0   0.049
612.0   0.049
611.0   0.049
610.0   0.050
609.0   0.050
608.0   0.050
607.0   0.050
606.0   0.050
605.0   0.050
604.0   0.050
603.0   0.050
602.0   0.050
601.0   0.051
600.0   0.051
599.0   0.051
598.0   0.051
597.0   0.051
596.0   0.051
595.0   0.051
594.0   0.052
593.0   0.052
592.0   0.052
591.0   0.052
590.0   0.052
589.0   0.053
588.0   0.053
587.0   0.053
586.0   0.053
585.0   0.053
584.0   0.053
583.0   0.053
582.0   0.054
581.0   0.054
580.0   0.054
579.0   0.054
578.0   0.055
577.0   0.055
576.0   0.055
575.0   0.055
574.0   0.055
573.0   0.055
572.0   0.056
571.0   0.056
570.0   0.056
569.0   0.056
568.0   0.056
567.0   0.056
566.0   0.056
565.0   0.057
564.0   0.057
563.0   0.057
562.0   0.057
561.0   0.058
560.0   0.058
559.0   0.058
558.0   0.058
557.0   0.059
556.0   0.059
555.0   0.059
554.0   0.059
553.0   0.059
552.0   0.060
551.0   0.060
550.0   0.061
549.0   0.061
548.0   0.062
547.0   0.062
546.0   0.062
545.0   0.063
544.0   0.063
543.0   0.063
542.0   0.064
541.0   0.065
540.0   0.065
539.0   0.066
538.0   0.066
537.0   0.067
536.0   0.063
535.0   0.063
534.0   0.064
533.0   0.064
532.0   0.064
531.0   0.064
530.0   0.065
529.0   0.065
528.0   0.065
527.0   0.065
526.0   0.065
525.0   0.066
524.0   0.066
523.0   0.066
522.0   0.067
521.0   0.067
520.0   0.067
519.0   0.068
518.0   0.068
517.0   0.068
516.0   0.068
515.0   0.069
514.0   0.069
513.0   0.069
512.0   0.069
511.0   0.070
510.0   0.070
509.0   0.071
508.0   0.071
507.0   0.071
506.0   0.072
505.0   0.072
504.0   0.072
503.0   0.072
502.0   0.073
501.0   0.073
500.0   0.073
499.0   0.074
498.0   0.074
497.0   0.074
496.0   0.074
495.0   0.075
494.0   0.075
493.0   0.075
492.0   0.075
491.0   0.076
490.0   0.076
489.0   0.076
488.0   0.076
487.0   0.077
486.0   0.077
485.0   0.077
484.0   0.078
483.0   0.078
482.0   0.078
481.0   0.078
480.0   0.079
479.0   0.079
478.0   0.079
477.0   0.080
476.0   0.080
475.0   0.080
474.0   0.080
473.0   0.081
472.0   0.081
471.0   0.081
470.0   0.082
469.0   0.083
468.0   0.083
467.0   0.083
466.0   0.083
465.0   0.084
464.0   0.084
463.0   0.084
462.0   0.084
461.0   0.084
460.0   0.085
459.0   0.085
458.0   0.086
457.0   0.087
456.0   0.087
455.0   0.088
454.0   0.089
453.0   0.089
452.0   0.090
451.0   0.091
450.0   0.092
449.0   0.093
448.0   0.094
447.0   0.094
446.0   0.095
445.0   0.096
444.0   0.096
443.0   0.097
442.0   0.097
441.0   0.098
440.0   0.099
439.0   0.100
438.0   0.101
437.0   0.102
436.0   0.103
435.0   0.104
434.0   0.105
433.0   0.107
432.0   0.108
431.0   0.109
430.0   0.111
429.0   0.113
428.0   0.115
427.0   0.118
426.0   0.120
425.0   0.123
424.0   0.126
423.0   0.129
422.0   0.132
421.0   0.136
420.0   0.140
419.0   0.144
418.0   0.149
417.0   0.154
416.0   0.158
415.0   0.163
414.0   0.169
413.0   0.175
412.0   0.182
411.0   0.189
410.0   0.195
409.0   0.202
408.0   0.207
407.0   0.212
406.0   0.215
405.0   0.217
404.0   0.218
403.0   0.218
402.0   0.217
401.0   0.215
400.0   0.213
399.0   0.210
398.0   0.206
397.0   0.203
396.0   0.200
395.0   0.197
394.0   0.194
393.0   0.191
392.0   0.189
391.0   0.187
390.0   0.185
389.0   0.183
388.0   0.181
387.0   0.180
386.0   0.179
385.0   0.178
384.0   0.177
383.0   0.176
382.0   0.175
381.0   0.175
380.0   0.174
379.0   0.173
378.0   0.173
377.0   0.172
376.0   0.172
375.0   0.172
374.0   0.172
373.0   0.172
372.0   0.172
371.0   0.172
370.0   0.172
369.0   0.172
368.0   0.172
367.0   0.173
366.0   0.174
365.0   0.174
364.0   0.175
363.0   0.175
362.0   0.176
361.0   0.177
360.0   0.177
359.0   0.178
358.0   0.179
357.0   0.180
356.0   0.181
355.0   0.181
354.0   0.182
353.0   0.183
352.0   0.184
351.0   0.185
350.0   0.186
349.0   0.187
348.0   0.188
347.0   0.189
346.0   0.190
345.0   0.191
344.0   0.192
343.0   0.193
342.0   0.194
341.0   0.196
340.0   0.201
339.0   0.202
338.0   0.203
337.0   0.205
336.0   0.206
335.0   0.208
334.0   0.209
333.0   0.211
332.0   0.212
331.0   0.213
330.0   0.216
329.0   0.218
328.0   0.218
327.0   0.220
326.0   0.222
325.0   0.224
324.0   0.226
323.0   0.228
322.0   0.229
321.0   0.232
320.0   0.234
319.0   0.236
318.0   0.238
317.0   0.241
316.0   0.243
315.0   0.246
314.0   0.250
313.0   0.254
312.0   0.258
311.0   0.264
310.0   0.271
309.0   0.279
308.0   0.288
307.0   0.301
306.0   0.325
305.0   0.339
304.0   0.362
303.0   0.392
302.0   0.428
301.0   0.468
300.0   0.516
299.0   0.576
298.0   0.644
297.0   0.717
296.0   0.805
295.0   0.913
294.0   1.041
293.0   1.172
292.0   1.313
291.0   1.464
290.0   1.614
289.0   1.754
288.0   1.883
287.0   2.030
286.0   2.177
285.0   2.295
284.0   2.436
283.0   2.541
282.0   2.619
281.0   2.681
280.0   2.686
279.0   2.722
278.0   2.761
277.0   2.766
276.0   2.737
275.0   2.711
274.0   2.688
273.0   2.667
272.0   2.624
271.0   2.546
270.0   2.499
269.0   2.430
268.0   2.375
267.0   2.308
266.0   2.235
265.0   2.163
264.0   2.087
263.0   2.013
262.0   1.951
261.0   1.894
260.0   1.835
259.0   1.781
258.0   1.730
257.0   1.685
256.0   1.640
255.0   1.607
254.0   1.589
253.0   1.573
252.0   1.573
251.0   1.585
250.0   1.610
249.0   1.637
248.0   1.687
247.0   1.762
246.0   1.848
245.0   1.960
244.0   2.104
243.0   2.288
242.0   2.483
241.0   2.759
240.0   3.132
239.0   3.313
238.0   3.617
237.0   4.000
236.0   4.000
235.0   4.000
234.0   4.000
233.0   4.000
232.0   4.000
231.0   4.000
230.0   4.000
229.0   4.000
228.0   4.000
227.0   3.555
226.0   4.000
225.0   4.000
224.0   3.527
223.0   3.519
222.0   3.508
221.0   4.000
220.0   4.000
219.0   3.478
218.0   3.466
217.0   3.453
216.0   4.000
215.0   3.426
214.0   3.408
213.0   3.994
212.0   3.976
211.0   3.654
210.0   3.630
209.0   3.903
208.0   3.876
207.0   3.845
206.0   3.509
205.0   3.471
204.0   3.432
203.0   3.690
202.0   3.341
201.0   3.289
200.0   3.540
199.0   3.485
198.0   3.428
197.0   3.366
196.0   3.310
195.0   3.249
194.0   3.178
193.0   3.106
192.0   3.023
191.0   2.924
190.0   2.806
