000001 00:32:55.078  20 37 30 30 2E 30 20 20 20 30 2E 30 31 35 0D 0A  700.0   0.015..
000002 00:32:55.093  20 36 39 39 2E 30 20 20 20 30 2E 30 31 35 0D 0A  699.0   0.015..
000003 00:32:55.109  20 36 39 38 2E 30 20 20 20 30 2E 30 31 35 0D 0A  698.0   0.015..
000004 00:32:55.125  20 36 39 37 2E 30 20 20 20 30 2E 30 31 35 0D 0A  697.0   0.015..
000005 00:32:55.140  20 36 39 36 2E 30 20 20 20 30 2E 30 31 35 0D 0A  696.0   0.015..
000006 00:32:55.156  20 36 39 35 2E 30 20 20 20 30 2E 30 31 35 0D 0A  695.0   0.015..
000007 00:32:55.171  20 36 39 34 2E 30 20 20 20 30 2E 30 31 36 0D 0A  694.0   0.016..
000008 00:32:55.203  20 36 39 33 2E 30 20 20 20 30 2E 30 31 35 0D 0A  693.0   0.015..
000009 00:32:55.203  20 36 39 32 2E 30 20 20 20 30 2E 30 31 35 0D 0A  692.0   0.015..
000010 00:32:55.218  20 36 39 31 2E 30 20 20 20 30 2E 30 31 36 0D 0A  691.0   0.016..
000011 00:32:55.234  20 36 39 30 2E 30 20 20 20 30 2E 30 31 36 0D 0A  690.0   0.016..
000012 00:32:55.250  20 36 38 39 2E 30 20 20 20 30 2E 30 31 36 0D 0A  689.0   0.016..
000013 00:32:55.265  20 36 38 38 2E 30 20 20 20 30 2E 30 31 36 0D 0A  688.0   0.016..
000014 00:32:55.281  20 36 38 37 2E 30 20 20 20 30 2E 30 31 36 0D 0A  687.0   0.016..
000015 00:32:55.312  20 36 38 36 2E 30 20 20 20 30 2E 30 31 36 0D 0A  686.0   0.016..
000016 00:32:55.328  20 36 38 35 2E 30 20 20 20 30 2E 30 31 36 0D 0A  685.0   0.016..
000017 00:32:55.343  20 36 38 34 2E 30 20 20 20 30 2E 30 31 36 0D 0A  684.0   0.016..
000018 00:32:55.359  20 36 38 33 2E 30 20 20 20 30 2E 30 31 36 0D 0A  683.0   0.016..
000019 00:32:55.375  20 36 38 32 2E 30 20 20 20 30 2E 30 31 36 0D 0A  682.0   0.016..
000020 00:32:55.390  20 36 38 31 2E 30 20 20 20 30 2E 30 31 36 0D 0A  681.0   0.016..
000021 00:32:55.406  20 36 38 30 2E 30 20 20 20 30 2E 30 31 36 0D 0A  680.0   0.016..
000022 00:32:55.437  20 36 37 39 2E 30 20 20 20 30 2E 30 31 36 0D 0A  679.0   0.016..
000023 00:32:55.453  20 36 37 38 2E 30 20 20 20 30 2E 30 31 36 0D 0A  678.0   0.016..
000024 00:32:55.484  20 36 37 37 2E 30 20 20 20 30 2E 30 31 36 0D 0A  677.0   0.016..
000025 00:32:55.484  20 36 37 36 2E 30 20 20 20 30 2E 30 31 36 0D 0A  676.0   0.016..
000026 00:32:55.484  20 36 37 35 2E 30 20 20 20 30 2E 30 31 36 0D 0A  675.0   0.016..
000027 00:32:55.500  20 36 37 34 2E 30 20 20 20 30 2E 30 31 36 0D 0A  674.0   0.016..
000028 00:32:55.515  20 36 37 33 2E 30 20 20 20 30 2E 30 31 36 0D 0A  673.0   0.016..
000029 00:32:55.546  20 36 37 32 2E 30 20 20 20 30 2E 30 31 36 0D 0A  672.0   0.016..
000030 00:32:55.562  20 36 37 31 2E 30 20 20 20 30 2E 30 31 36 0D 0A  671.0   0.016..
000031 00:32:55.578  20 36 37 30 2E 30 20 20 20 30 2E 30 31 36 0D 0A  670.0   0.016..
000032 00:32:55.593  20 36 36 39 2E 30 20 20 20 30 2E 30 31 36 0D 0A  669.0   0.016..
000033 00:32:55.609  20 36 36 38 2E 30 20 20 20 30 2E 30 31 36 0D 0A  668.0   0.016..
000034 00:32:55.625  20 36 36 37 2E 30 20 20 20 30 2E 30 31 36 0D 0A  667.0   0.016..
000035 00:32:55.640  20 36 36 36 2E 30 20 20 20 30 2E 30 31 36 0D 0A  666.0   0.016..
000036 00:32:55.671  20 36 36 35 2E 30 20 20 20 30 2E 30 31 36 0D 0A  665.0   0.016..
000037 00:32:55.687  20 36 36 34 2E 30 20 20 20 30 2E 30 31 37 0D 0A  664.0   0.017..
000038 00:32:55.703  20 36 36 33 2E 30 20 20 20 30 2E 30 31 37 0D 0A  663.0   0.017..
000039 00:32:55.718  20 36 36 32 2E 30 20 20 20 30 2E 30 31 37 0D 0A  662.0   0.017..
000040 00:32:55.718  20 36 36 31 2E 30 20 20 20 30 2E 30 31 37 0D 0A  661.0   0.017..
000041 00:32:55.734  20 36 36 30 2E 30 20 20 20 30 2E 30 31 37 0D 0A  660.0   0.017..
000042 00:32:55.750  20 36 35 39 2E 30 20 20 20 30 2E 30 31 37 0D 0A  659.0   0.017..
000043 00:32:55.781  20 36 35 38 2E 30 20 20 20 30 2E 30 31 37 0D 0A  658.0   0.017..
000044 00:32:55.796  20 36 35 37 2E 30 20 20 20 30 2E 30 31 37 0D 0A  657.0   0.017..
000045 00:32:55.812  20 36 35 36 2E 30 20 20 20 30 2E 30 31 37 0D 0A  656.0   0.017..
000046 00:32:55.828  20 36 35 35 2E 30 20 20 20 30 2E 30 31 37 0D 0A  655.0   0.017..
000047 00:32:55.843  20 36 35 34 2E 30 20 20 20 30 2E 30 31 37 0D 0A  654.0   0.017..
000048 00:32:55.859  20 36 35 33 2E 30 20 20 20 30 2E 30 31 37 0D 0A  653.0   0.017..
000049 00:32:55.875  20 36 35 32 2E 30 20 20 20 30 2E 30 31 37 0D 0A  652.0   0.017..
000050 00:32:55.906  20 36 35 31 2E 30 20 20 20 30 2E 30 31 38 0D 0A  651.0   0.018..
000051 00:32:55.921  20 36 35 30 2E 30 20 20 20 30 2E 30 31 38 0D 0A  650.0   0.018..
000052 00:32:55.937  20 36 34 39 2E 30 20 20 20 30 2E 30 31 38 0D 0A  649.0   0.018..
000053 00:32:55.953  20 36 34 38 2E 30 20 20 20 30 2E 30 31 38 0D 0A  648.0   0.018..
000054 00:32:55.968  20 36 34 37 2E 30 20 20 20 30 2E 30 31 38 0D 0A  647.0   0.018..
000055 00:32:55.984  20 36 34 36 2E 30 20 20 20 30 2E 30 31 38 0D 0A  646.0   0.018..
000056 00:32:56.000  20 36 34 35 2E 30 20 20 20 30 2E 30 31 38 0D 0A  645.0   0.018..
000057 00:32:56.031  20 36 34 34 2E 30 20 20 20 30 2E 30 31 38 0D 0A  644.0   0.018..
000058 00:32:56.031  20 36 34 33 2E 30 20 20 20 30 2E 30 31 38 0D 0A  643.0   0.018..
000059 00:32:56.046  20 36 34 32 2E 30 20 20 20 30 2E 30 31 38 0D 0A  642.0   0.018..
000060 00:32:56.062  20 36 34 31 2E 30 20 20 20 30 2E 30 31 37 0D 0A  641.0   0.017..
000061 00:32:56.078  20 36 34 30 2E 30 20 20 20 30 2E 30 31 37 0D 0A  640.0   0.017..
000062 00:32:56.093  20 36 33 39 2E 30 20 20 20 30 2E 30 31 37 0D 0A  639.0   0.017..
000063 00:32:56.109  20 36 33 38 2E 30 20 20 20 30 2E 30 31 38 0D 0A  638.0   0.018..
000064 00:32:56.140  20 36 33 37 2E 30 20 20 20 30 2E 30 31 38 0D 0A  637.0   0.018..
000065 00:32:56.156  20 36 33 36 2E 30 20 20 20 30 2E 30 31 39 0D 0A  636.0   0.019..
000066 00:32:56.171  20 36 33 35 2E 30 20 20 20 30 2E 30 31 39 0D 0A  635.0   0.019..
000067 00:32:56.187  20 36 33 34 2E 30 20 20 20 30 2E 30 31 39 0D 0A  634.0   0.019..
000068 00:32:56.203  20 36 33 33 2E 30 20 20 20 30 2E 30 32 30 0D 0A  633.0   0.020..
000069 00:32:56.218  20 36 33 32 2E 30 20 20 20 30 2E 30 32 30 0D 0A  632.0   0.020..
000070 00:32:56.234  20 36 33 31 2E 30 20 20 20 30 2E 30 31 39 0D 0A  631.0   0.019..
000071 00:32:56.250  20 36 33 30 2E 30 20 20 20 30 2E 30 32 30 0D 0A  630.0   0.020..
000072 00:32:56.265  20 36 32 39 2E 30 20 20 20 30 2E 30 31 39 0D 0A  629.0   0.019..
000073 00:32:56.281  20 36 32 38 2E 30 20 20 20 30 2E 30 31 39 0D 0A  628.0   0.019..
000074 00:32:56.296  20 36 32 37 2E 30 20 20 20 30 2E 30 31 39 0D 0A  627.0   0.019..
000075 00:32:56.328  20 36 32 36 2E 30 20 20 20 30 2E 30 32 30 0D 0A  626.0   0.020..
000076 00:32:56.328  20 36 32 35 2E 30 20 20 20 30 2E 30 32 30 0D 0A  625.0   0.020..
000077 00:32:56.343  20 36 32 34 2E 30 20 20 20 30 2E 30 32 30 0D 0A  624.0   0.020..
000078 00:32:56.375  20 36 32 33 2E 30 20 20 20 30 2E 30 32 30 0D 0A  623.0   0.020..
000079 00:32:56.390  20 36 32 32 2E 30 20 20 20 30 2E 30 32 30 0D 0A  622.0   0.020..
000080 00:32:56.406  20 36 32 31 2E 30 20 20 20 30 2E 30 32 30 0D 0A  621.0   0.020..
000081 00:32:56.421  20 36 32 30 2E 30 20 20 20 30 2E 30 32 30 0D 0A  620.0   0.020..
000082 00:32:56.437  20 36 31 39 2E 30 20 20 20 30 2E 30 32 30 0D 0A  619.0   0.020..
000083 00:32:56.453  20 36 31 38 2E 30 20 20 20 30 2E 30 32 30 0D 0A  618.0   0.020..
000084 00:32:56.468  20 36 31 37 2E 30 20 20 20 30 2E 30 32 30 0D 0A  617.0   0.020..
000085 00:32:56.500  20 36 31 36 2E 30 20 20 20 30 2E 30 32 30 0D 0A  616.0   0.020..
000086 00:32:56.515  20 36 31 35 2E 30 20 20 20 30 2E 30 32 30 0D 0A  615.0   0.020..
000087 00:32:56.515  20 36 31 34 2E 30 20 20 20 30 2E 30 32 31 0D 0A  614.0   0.021..
000088 00:32:56.531  20 36 31 33 2E 30 20 20 20 30 2E 30 32 31 0D 0A  613.0   0.021..
000089 00:32:56.578  20 36 31 32 2E 30 20 20 20 30 2E 30 32 31 0D 0A  612.0   0.021..
000090 00:32:56.578  20 36 31 31 2E 30 20 20 20 30 2E 30 32 31 0D 0A  611.0   0.021..
000091 00:32:56.578  20 36 31 30 2E 30 20 20 20 30 2E 30 32 31 0D 0A  610.0   0.021..
000092 00:32:56.609  20 36 30 39 2E 30 20 20 20 30 2E 30 32 31 0D 0A  609.0   0.021..
000093 00:32:56.625  20 36 30 38 2E 30 20 20 20 30 2E 30 32 31 0D 0A  608.0   0.021..
000094 00:32:56.640  20 36 30 37 2E 30 20 20 20 30 2E 30 32 31 0D 0A  607.0   0.021..
000095 00:32:56.656  20 36 30 36 2E 30 20 20 20 30 2E 30 32 31 0D 0A  606.0   0.021..
000096 00:32:56.671  20 36 30 35 2E 30 20 20 20 30 2E 30 32 31 0D 0A  605.0   0.021..
000097 00:32:56.687  20 36 30 34 2E 30 20 20 20 30 2E 30 32 31 0D 0A  604.0   0.021..
000098 00:32:56.703  20 36 30 33 2E 30 20 20 20 30 2E 30 32 32 0D 0A  603.0   0.022..
000099 00:32:56.734  20 36 30 32 2E 30 20 20 20 30 2E 30 32 32 0D 0A  602.0   0.022..
000100 00:32:56.750  20 36 30 31 2E 30 20 20 20 30 2E 30 32 32 0D 0A  601.0   0.022..
000101 00:32:56.765  20 36 30 30 2E 30 20 20 20 30 2E 30 32 32 0D 0A  600.0   0.022..
000102 00:32:56.765  20 35 39 39 2E 30 20 20 20 30 2E 30 32 32 0D 0A  599.0   0.022..
000103 00:32:56.781  20 35 39 38 2E 30 20 20 20 30 2E 30 32 32 0D 0A  598.0   0.022..
000104 00:32:56.796  20 35 39 37 2E 30 20 20 20 30 2E 30 32 32 0D 0A  597.0   0.022..
000105 00:32:56.812  20 35 39 36 2E 30 20 20 20 30 2E 30 32 32 0D 0A  596.0   0.022..
000106 00:32:56.843  20 35 39 35 2E 30 20 20 20 30 2E 30 32 33 0D 0A  595.0   0.023..
000107 00:32:56.859  20 35 39 34 2E 30 20 20 20 30 2E 30 32 33 0D 0A  594.0   0.023..
000108 00:32:56.875  20 35 39 33 2E 30 20 20 20 30 2E 30 32 33 0D 0A  593.0   0.023..
000109 00:32:56.890  20 35 39 32 2E 30 20 20 20 30 2E 30 32 33 0D 0A  592.0   0.023..
000110 00:32:56.906  20 35 39 31 2E 30 20 20 20 30 2E 30 32 33 0D 0A  591.0   0.023..
000111 00:32:56.921  20 35 39 30 2E 30 20 20 20 30 2E 30 32 34 0D 0A  590.0   0.024..
000112 00:32:56.937  20 35 38 39 2E 30 20 20 20 30 2E 30 32 34 0D 0A  589.0   0.024..
000113 00:32:56.968  20 35 38 38 2E 30 20 20 20 30 2E 30 32 34 0D 0A  588.0   0.024..
000114 00:32:56.984  20 35 38 37 2E 30 20 20 20 30 2E 30 32 35 0D 0A  587.0   0.025..
000115 00:32:57.000  20 35 38 36 2E 30 20 20 20 30 2E 30 32 35 0D 0A  586.0   0.025..
000116 00:32:57.015  20 35 38 35 2E 30 20 20 20 30 2E 30 32 35 0D 0A  585.0   0.025..
000117 00:32:57.031  20 35 38 34 2E 30 20 20 20 30 2E 30 32 36 0D 0A  584.0   0.026..
000118 00:32:57.031  20 35 38 33 2E 30 20 20 20 30 2E 30 32 36 0D 0A  583.0   0.026..
000119 00:32:57.046  20 35 38 32 2E 30 20 20 20 30 2E 30 32 37 0D 0A  582.0   0.027..
000120 00:32:57.062  20 35 38 31 2E 30 20 20 20 30 2E 30 32 37 0D 0A  581.0   0.027..
000121 00:32:57.062  20 35 38 30 2E 30 20 20 20 30 2E 30 32 37 0D 0A  580.0   0.027..
000122 00:32:57.109  20 35 37 39 2E 30 20 20 20 30 2E 30 32 38 0D 0A  579.0   0.028..
000123 00:32:57.125  20 35 37 38 2E 30 20 20 20 30 2E 30 32 38 0D 0A  578.0   0.028..
000124 00:32:57.140  20 35 37 37 2E 30 20 20 20 30 2E 30 32 38 0D 0A  577.0   0.028..
000125 00:32:57.156  20 35 37 36 2E 30 20 20 20 30 2E 30 32 39 0D 0A  576.0   0.029..
000126 00:32:57.171  20 35 37 35 2E 30 20 20 20 30 2E 30 32 39 0D 0A  575.0   0.029..
000127 00:32:57.203  20 35 37 34 2E 30 20 20 20 30 2E 30 32 39 0D 0A  574.0   0.029..
000128 00:32:57.218  20 35 37 33 2E 30 20 20 20 30 2E 30 32 39 0D 0A  573.0   0.029..
000129 00:32:57.234  20 35 37 32 2E 30 20 20 20 30 2E 30 32 39 0D 0A  572.0   0.029..
000130 00:32:57.250  20 35 37 31 2E 30 20 20 20 30 2E 30 32 39 0D 0A  571.0   0.029..
000131 00:32:57.265  20 35 37 30 2E 30 20 20 20 30 2E 30 32 39 0D 0A  570.0   0.029..
000132 00:32:57.281  20 35 36 39 2E 30 20 20 20 30 2E 30 32 39 0D 0A  569.0   0.029..
000133 00:32:57.296  20 35 36 38 2E 30 20 20 20 30 2E 30 32 39 0D 0A  568.0   0.029..
000134 00:32:57.312  20 35 36 37 2E 30 20 20 20 30 2E 30 32 38 0D 0A  567.0   0.028..
000135 00:32:57.328  20 35 36 36 2E 30 20 20 20 30 2E 30 32 39 0D 0A  566.0   0.029..
000136 00:32:57.343  20 35 36 35 2E 30 20 20 20 30 2E 30 32 39 0D 0A  565.0   0.029..
000137 00:32:57.359  20 35 36 34 2E 30 20 20 20 30 2E 30 32 39 0D 0A  564.0   0.029..
000138 00:32:57.375  20 35 36 33 2E 30 20 20 20 30 2E 30 32 39 0D 0A  563.0   0.029..
000139 00:32:57.390  20 35 36 32 2E 30 20 20 20 30 2E 30 32 39 0D 0A  562.0   0.029..
000140 00:32:57.406  20 35 36 31 2E 30 20 20 20 30 2E 30 32 39 0D 0A  561.0   0.029..
000141 00:32:57.437  20 35 36 30 2E 30 20 20 20 30 2E 30 32 39 0D 0A  560.0   0.029..
000142 00:32:57.453  20 35 35 39 2E 30 20 20 20 30 2E 30 32 39 0D 0A  559.0   0.029..
000143 00:32:57.468  20 35 35 38 2E 30 20 20 20 30 2E 30 32 39 0D 0A  558.0   0.029..
000144 00:32:57.484  20 35 35 37 2E 30 20 20 20 30 2E 30 32 39 0D 0A  557.0   0.029..
000145 00:32:57.500  20 35 35 36 2E 30 20 20 20 30 2E 30 32 39 0D 0A  556.0   0.029..
000146 00:32:57.515  20 35 35 35 2E 30 20 20 20 30 2E 30 32 39 0D 0A  555.0   0.029..
000147 00:32:57.531  20 35 35 34 2E 30 20 20 20 30 2E 30 33 30 0D 0A  554.0   0.030..
000148 00:32:57.562  20 35 35 33 2E 30 20 20 20 30 2E 30 33 30 0D 0A  553.0   0.030..
000149 00:32:57.562  20 35 35 32 2E 30 20 20 20 30 2E 30 33 30 0D 0A  552.0   0.030..
000150 00:32:57.578  20 35 35 31 2E 30 20 20 20 30 2E 30 33 30 0D 0A  551.0   0.030..
000151 00:32:57.593  20 35 35 30 2E 30 20 20 20 30 2E 30 33 31 0D 0A  550.0   0.031..
000152 00:32:57.625  20 35 34 39 2E 30 20 20 20 30 2E 30 33 31 0D 0A  549.0   0.031..
000153 00:32:57.656  20 35 34 38 2E 30 20 20 20 30 2E 30 33 31 0D 0A  548.0   0.031..
000154 00:32:57.656  20 35 34 37 2E 30 20 20 20 30 2E 30 33 31 0D 0A  547.0   0.031..
000155 00:32:57.671  20 35 34 36 2E 30 20 20 20 30 2E 30 33 32 0D 0A  546.0   0.032..
000156 00:32:57.687  20 35 34 35 2E 30 20 20 20 30 2E 30 33 32 0D 0A  545.0   0.032..
000157 00:32:57.703  20 35 34 34 2E 30 20 20 20 30 2E 30 33 32 0D 0A  544.0   0.032..
000158 00:32:57.718  20 35 34 33 2E 30 20 20 20 30 2E 30 33 33 0D 0A  543.0   0.033..
000159 00:32:57.734  20 35 34 32 2E 30 20 20 20 30 2E 30 33 33 0D 0A  542.0   0.033..
000160 00:32:57.750  20 35 34 31 2E 30 20 20 20 30 2E 30 33 34 0D 0A  541.0   0.034..
000161 00:32:57.765  20 35 34 30 2E 30 20 20 20 30 2E 30 33 34 0D 0A  540.0   0.034..
000162 00:32:57.796  20 35 33 39 2E 30 20 20 20 30 2E 30 33 33 0D 0A  539.0   0.033..
000163 00:32:57.812  20 35 33 38 2E 30 20 20 20 30 2E 30 33 34 0D 0A  538.0   0.034..
000164 00:32:57.828  20 35 33 37 2E 30 20 20 20 30 2E 30 33 34 0D 0A  537.0   0.034..
000165 00:32:57.843  20 35 33 36 2E 30 20 20 20 30 2E 30 33 32 0D 0A  536.0   0.032..
000166 00:32:57.843  20 35 33 35 2E 30 20 20 20 30 2E 30 33 32 0D 0A  535.0   0.032..
000167 00:32:57.859  20 35 33 34 2E 30 20 20 20 30 2E 30 33 32 0D 0A  534.0   0.032..
000168 00:32:57.875  20 35 33 33 2E 30 20 20 20 30 2E 30 33 32 0D 0A  533.0   0.032..
000169 00:32:57.906  20 35 33 32 2E 30 20 20 20 30 2E 30 33 32 0D 0A  532.0   0.032..
000170 00:32:57.921  20 35 33 31 2E 30 20 20 20 30 2E 30 33 32 0D 0A  531.0   0.032..
000171 00:32:57.953  20 35 33 30 2E 30 20 20 20 30 2E 30 33 32 0D 0A  530.0   0.032..
000172 00:32:57.953  20 35 32 39 2E 30 20 20 20 30 2E 30 33 32 0D 0A  529.0   0.032..
000173 00:32:57.968  20 35 32 38 2E 30 20 20 20 30 2E 30 33 32 0D 0A  528.0   0.032..
000174 00:32:57.984  20 35 32 37 2E 30 20 20 20 30 2E 30 33 32 0D 0A  527.0   0.032..
000175 00:32:58.000  20 35 32 36 2E 30 20 20 20 30 2E 30 33 32 0D 0A  526.0   0.032..
000176 00:32:58.031  20 35 32 35 2E 30 20 20 20 30 2E 30 33 32 0D 0A  525.0   0.032..
000177 00:32:58.046  20 35 32 34 2E 30 20 20 20 30 2E 30 33 32 0D 0A  524.0   0.032..
000178 00:32:58.062  20 35 32 33 2E 30 20 20 20 30 2E 30 33 32 0D 0A  523.0   0.032..
000179 00:32:58.078  20 35 32 32 2E 30 20 20 20 30 2E 30 33 32 0D 0A  522.0   0.032..
000180 00:32:58.078  20 35 32 31 2E 30 20 20 20 30 2E 30 33 31 0D 0A  521.0   0.031..
000181 00:32:58.093  20 35 32 30 2E 30 20 20 20 30 2E 30 33 31 0D 0A  520.0   0.031..
000182 00:32:58.109  20 35 31 39 2E 30 20 20 20 30 2E 30 33 32 0D 0A  519.0   0.032..
000183 00:32:58.140  20 35 31 38 2E 30 20 20 20 30 2E 30 33 32 0D 0A  518.0   0.032..
000184 00:32:58.156  20 35 31 37 2E 30 20 20 20 30 2E 30 33 31 0D 0A  517.0   0.031..
000185 00:32:58.171  20 35 31 36 2E 30 20 20 20 30 2E 30 33 32 0D 0A  516.0   0.032..
000186 00:32:58.187  20 35 31 35 2E 30 20 20 20 30 2E 30 33 32 0D 0A  515.0   0.032..
000187 00:32:58.203  20 35 31 34 2E 30 20 20 20 30 2E 30 33 32 0D 0A  514.0   0.032..
000188 00:32:58.218  20 35 31 33 2E 30 20 20 20 30 2E 30 33 32 0D 0A  513.0   0.032..
000189 00:32:58.234  20 35 31 32 2E 30 20 20 20 30 2E 30 33 32 0D 0A  512.0   0.032..
000190 00:32:58.265  20 35 31 31 2E 30 20 20 20 30 2E 30 33 32 0D 0A  511.0   0.032..
000191 00:32:58.281  20 35 31 30 2E 30 20 20 20 30 2E 30 33 32 0D 0A  510.0   0.032..
000192 00:32:58.296  20 35 30 39 2E 30 20 20 20 30 2E 30 33 32 0D 0A  509.0   0.032..
000193 00:32:58.312  20 35 30 38 2E 30 20 20 20 30 2E 30 33 32 0D 0A  508.0   0.032..
000194 00:32:58.328  20 35 30 37 2E 30 20 20 20 30 2E 30 33 32 0D 0A  507.0   0.032..
000195 00:32:58.343  20 35 30 36 2E 30 20 20 20 30 2E 30 33 32 0D 0A  506.0   0.032..
000196 00:32:58.343  20 35 30 35 2E 30 20 20 20 30 2E 30 33 32 0D 0A  505.0   0.032..
000197 00:32:58.375  20 35 30 34 2E 30 20 20 20 30 2E 30 33 33 0D 0A  504.0   0.033..
000198 00:32:58.390  20 35 30 33 2E 30 20 20 20 30 2E 30 33 33 0D 0A  503.0   0.033..
000199 00:32:58.406  20 35 30 32 2E 30 20 20 20 30 2E 30 33 33 0D 0A  502.0   0.033..
000200 00:32:58.421  20 35 30 31 2E 30 20 20 20 30 2E 30 33 33 0D 0A  501.0   0.033..
000201 00:32:58.437  20 35 30 30 2E 30 20 20 20 30 2E 30 33 33 0D 0A  500.0   0.033..
000202 00:32:58.453  20 34 39 39 2E 30 20 20 20 30 2E 30 33 33 0D 0A  499.0   0.033..
000203 00:32:58.468  20 34 39 38 2E 30 20 20 20 30 2E 30 33 33 0D 0A  498.0   0.033..
000204 00:32:58.500  20 34 39 37 2E 30 20 20 20 30 2E 30 33 34 0D 0A  497.0   0.034..
000205 00:32:58.515  20 34 39 36 2E 30 20 20 20 30 2E 30 33 34 0D 0A  496.0   0.034..
000206 00:32:58.531  20 34 39 35 2E 30 20 20 20 30 2E 30 33 34 0D 0A  495.0   0.034..
000207 00:32:58.546  20 34 39 34 2E 30 20 20 20 30 2E 30 33 34 0D 0A  494.0   0.034..
000208 00:32:58.562  20 34 39 33 2E 30 20 20 20 30 2E 30 33 34 0D 0A  493.0   0.034..
000209 00:32:58.578  20 34 39 32 2E 30 20 20 20 30 2E 30 33 35 0D 0A  492.0   0.035..
000210 00:32:58.593  20 34 39 31 2E 30 20 20 20 30 2E 30 33 35 0D 0A  491.0   0.035..
000211 00:32:58.609  20 34 39 30 2E 30 20 20 20 30 2E 30 33 35 0D 0A  490.0   0.035..
000212 00:32:58.625  20 34 38 39 2E 30 20 20 20 30 2E 30 33 35 0D 0A  489.0   0.035..
000213 00:32:58.640  20 34 38 38 2E 30 20 20 20 30 2E 30 33 35 0D 0A  488.0   0.035..
000214 00:32:58.656  20 34 38 37 2E 30 20 20 20 30 2E 30 33 36 0D 0A  487.0   0.036..
000215 00:32:58.671  20 34 38 36 2E 30 20 20 20 30 2E 30 33 36 0D 0A  486.0   0.036..
000216 00:32:58.687  20 34 38 35 2E 30 20 20 20 30 2E 30 33 36 0D 0A  485.0   0.036..
000217 00:32:58.703  20 34 38 34 2E 30 20 20 20 30 2E 30 33 36 0D 0A  484.0   0.036..
000218 00:32:58.734  20 34 38 33 2E 30 20 20 20 30 2E 30 33 36 0D 0A  483.0   0.036..
000219 00:32:58.750  20 34 38 32 2E 30 20 20 20 30 2E 30 33 37 0D 0A  482.0   0.037..
000220 00:32:58.765  20 34 38 31 2E 30 20 20 20 30 2E 30 33 37 0D 0A  481.0   0.037..
000221 00:32:58.781  20 34 38 30 2E 30 20 20 20 30 2E 30 33 37 0D 0A  480.0   0.037..
000222 00:32:58.796  20 34 37 39 2E 30 20 20 20 30 2E 30 33 37 0D 0A  479.0   0.037..
000223 00:32:58.812  20 34 37 38 2E 30 20 20 20 30 2E 30 33 37 0D 0A  478.0   0.037..
000224 00:32:58.828  20 34 37 37 2E 30 20 20 20 30 2E 30 33 38 0D 0A  477.0   0.038..
000225 00:32:58.859  20 34 37 36 2E 30 20 20 20 30 2E 30 33 38 0D 0A  476.0   0.038..
000226 00:32:58.875  20 34 37 35 2E 30 20 20 20 30 2E 30 33 38 0D 0A  475.0   0.038..
000227 00:32:58.875  20 34 37 34 2E 30 20 20 20 30 2E 30 33 38 0D 0A  474.0   0.038..
000228 00:32:58.890  20 34 37 33 2E 30 20 20 20 30 2E 30 33 39 0D 0A  473.0   0.039..
000229 00:32:58.906  20 34 37 32 2E 30 20 20 20 30 2E 30 33 39 0D 0A  472.0   0.039..
000230 00:32:58.921  20 34 37 31 2E 30 20 20 20 30 2E 30 33 39 0D 0A  471.0   0.039..
000231 00:32:58.937  20 34 37 30 2E 30 20 20 20 30 2E 30 33 39 0D 0A  470.0   0.039..
000232 00:32:58.968  20 34 36 39 2E 30 20 20 20 30 2E 30 34 30 0D 0A  469.0   0.040..
000233 00:32:58.984  20 34 36 38 2E 30 20 20 20 30 2E 30 34 30 0D 0A  468.0   0.040..
000234 00:32:59.000  20 34 36 37 2E 30 20 20 20 30 2E 30 34 30 0D 0A  467.0   0.040..
000235 00:32:59.015  20 34 36 36 2E 30 20 20 20 30 2E 30 34 31 0D 0A  466.0   0.041..
000236 00:32:59.031  20 34 36 35 2E 30 20 20 20 30 2E 30 34 31 0D 0A  465.0   0.041..
000237 00:32:59.046  20 34 36 34 2E 30 20 20 20 30 2E 30 34 31 0D 0A  464.0   0.041..
000238 00:32:59.062  20 34 36 33 2E 30 20 20 20 30 2E 30 34 31 0D 0A  463.0   0.041..
000239 00:32:59.093  20 34 36 32 2E 30 20 20 20 30 2E 30 34 31 0D 0A  462.0   0.041..
000240 00:32:59.109  20 34 36 31 2E 30 20 20 20 30 2E 30 34 32 0D 0A  461.0   0.042..
000241 00:32:59.125  20 34 36 30 2E 30 20 20 20 30 2E 30 34 32 0D 0A  460.0   0.042..
000242 00:32:59.140  20 34 35 39 2E 30 20 20 20 30 2E 30 34 33 0D 0A  459.0   0.043..
000243 00:32:59.140  20 34 35 38 2E 30 20 20 20 30 2E 30 34 33 0D 0A  458.0   0.043..
000244 00:32:59.156  20 34 35 37 2E 30 20 20 20 30 2E 30 34 34 0D 0A  457.0   0.044..
000245 00:32:59.171  20 34 35 36 2E 30 20 20 20 30 2E 30 34 34 0D 0A  456.0   0.044..
000246 00:32:59.203  20 34 35 35 2E 30 20 20 20 30 2E 30 34 35 0D 0A  455.0   0.045..
000247 00:32:59.218  20 34 35 34 2E 30 20 20 20 30 2E 30 34 35 0D 0A  454.0   0.045..
000248 00:32:59.234  20 34 35 33 2E 30 20 20 20 30 2E 30 34 36 0D 0A  453.0   0.046..
000249 00:32:59.250  20 34 35 32 2E 30 20 20 20 30 2E 30 34 37 0D 0A  452.0   0.047..
000250 00:32:59.265  20 34 35 31 2E 30 20 20 20 30 2E 30 34 37 0D 0A  451.0   0.047..
000251 00:32:59.281  20 34 35 30 2E 30 20 20 20 30 2E 30 34 38 0D 0A  450.0   0.048..
000252 00:32:59.296  20 34 34 39 2E 30 20 20 20 30 2E 30 34 39 0D 0A  449.0   0.049..
000253 00:32:59.328  20 34 34 38 2E 30 20 20 20 30 2E 30 34 39 0D 0A  448.0   0.049..
000254 00:32:59.343  20 34 34 37 2E 30 20 20 20 30 2E 30 35 30 0D 0A  447.0   0.050..
000255 00:32:59.359  20 34 34 36 2E 30 20 20 20 30 2E 30 35 31 0D 0A  446.0   0.051..
000256 00:32:59.375  20 34 34 35 2E 30 20 20 20 30 2E 30 35 32 0D 0A  445.0   0.052..
000257 00:32:59.390  20 34 34 34 2E 30 20 20 20 30 2E 30 35 32 0D 0A  444.0   0.052..
000258 00:32:59.390  20 34 34 33 2E 30 20 20 20 30 2E 30 35 33 0D 0A  443.0   0.053..
000259 00:32:59.406  20 34 34 32 2E 30 20 20 20 30 2E 30 35 34 0D 0A  442.0   0.054..
000260 00:32:59.437  20 34 34 31 2E 30 20 20 20 30 2E 30 35 35 0D 0A  441.0   0.055..
000261 00:32:59.453  20 34 34 30 2E 30 20 20 20 30 2E 30 35 36 0D 0A  440.0   0.056..
000262 00:32:59.468  20 34 33 39 2E 30 20 20 20 30 2E 30 35 37 0D 0A  439.0   0.057..
000263 00:32:59.484  20 34 33 38 2E 30 20 20 20 30 2E 30 35 38 0D 0A  438.0   0.058..
000264 00:32:59.500  20 34 33 37 2E 30 20 20 20 30 2E 30 35 39 0D 0A  437.0   0.059..
000265 00:32:59.515  20 34 33 36 2E 30 20 20 20 30 2E 30 36 31 0D 0A  436.0   0.061..
000266 00:32:59.531  20 34 33 35 2E 30 20 20 20 30 2E 30 36 32 0D 0A  435.0   0.062..
000267 00:32:59.562  20 34 33 34 2E 30 20 20 20 30 2E 30 36 34 0D 0A  434.0   0.064..
000268 00:32:59.578  20 34 33 33 2E 30 20 20 20 30 2E 30 36 36 0D 0A  433.0   0.066..
000269 00:32:59.609  20 34 33 32 2E 30 20 20 20 30 2E 30 36 38 0D 0A  432.0   0.068..
000270 00:32:59.609  20 34 33 31 2E 30 20 20 20 30 2E 30 37 30 0D 0A  431.0   0.070..
000271 00:32:59.625  20 34 33 30 2E 30 20 20 20 30 2E 30 37 33 0D 0A  430.0   0.073..
000272 00:32:59.640  20 34 32 39 2E 30 20 20 20 30 2E 30 37 36 0D 0A  429.0   0.076..
000273 00:32:59.656  20 34 32 38 2E 30 20 20 20 30 2E 30 37 39 0D 0A  428.0   0.079..
000274 00:32:59.671  20 34 32 37 2E 30 20 20 20 30 2E 30 38 32 0D 0A  427.0   0.082..
000275 00:32:59.687  20 34 32 36 2E 30 20 20 20 30 2E 30 38 37 0D 0A  426.0   0.087..
000276 00:32:59.703  20 34 32 35 2E 30 20 20 20 30 2E 30 39 31 0D 0A  425.0   0.091..
000277 00:32:59.718  20 34 32 34 2E 30 20 20 20 30 2E 30 39 35 0D 0A  424.0   0.095..
000278 00:32:59.734  20 34 32 33 2E 30 20 20 20 30 2E 31 30 30 0D 0A  423.0   0.100..
000279 00:32:59.750  20 34 32 32 2E 30 20 20 20 30 2E 31 30 35 0D 0A  422.0   0.105..
000280 00:32:59.765  20 34 32 31 2E 30 20 20 20 30 2E 31 31 31 0D 0A  421.0   0.111..
000281 00:32:59.796  20 34 32 30 2E 30 20 20 20 30 2E 31 31 36 0D 0A  420.0   0.116..
000282 00:32:59.812  20 34 31 39 2E 30 20 20 20 30 2E 31 32 31 0D 0A  419.0   0.121..
000283 00:32:59.828  20 34 31 38 2E 30 20 20 20 30 2E 31 32 37 0D 0A  418.0   0.127..
000284 00:32:59.843  20 34 31 37 2E 30 20 20 20 30 2E 31 33 32 0D 0A  417.0   0.132..
000285 00:32:59.859  20 34 31 36 2E 30 20 20 20 30 2E 31 33 37 0D 0A  416.0   0.137..
000286 00:32:59.875  20 34 31 35 2E 30 20 20 20 30 2E 31 33 39 0D 0A  415.0   0.139..
000287 00:32:59.890  20 34 31 34 2E 30 20 20 20 30 2E 31 34 32 0D 0A  414.0   0.142..
000288 00:32:59.921  20 34 31 33 2E 30 20 20 20 30 2E 31 34 35 0D 0A  413.0   0.145..
000289 00:32:59.921  20 34 31 32 2E 30 20 20 20 30 2E 31 34 37 0D 0A  412.0   0.147..
000290 00:32:59.937  20 34 31 31 2E 30 20 20 20 30 2E 31 34 38 0D 0A  411.0   0.148..
000291 00:32:59.953  20 34 31 30 2E 30 20 20 20 30 2E 31 34 38 0D 0A  410.0   0.148..
000292 00:32:59.968  20 34 30 39 2E 30 20 20 20 30 2E 31 34 37 0D 0A  409.0   0.147..
000293 00:32:59.984  20 34 30 38 2E 30 20 20 20 30 2E 31 34 36 0D 0A  408.0   0.146..
000294 00:33:00.000  20 34 30 37 2E 30 20 20 20 30 2E 31 34 34 0D 0A  407.0   0.144..
000295 00:33:00.031  20 34 30 36 2E 30 20 20 20 30 2E 31 34 32 0D 0A  406.0   0.142..
000296 00:33:00.046  20 34 30 35 2E 30 20 20 20 30 2E 31 33 39 0D 0A  405.0   0.139..
000297 00:33:00.062  20 34 30 34 2E 30 20 20 20 30 2E 31 33 36 0D 0A  404.0   0.136..
000298 00:33:00.078  20 34 30 33 2E 30 20 20 20 30 2E 31 33 33 0D 0A  403.0   0.133..
000299 00:33:00.093  20 34 30 32 2E 30 20 20 20 30 2E 31 33 30 0D 0A  402.0   0.130..
000300 00:33:00.109  20 34 30 31 2E 30 20 20 20 30 2E 31 32 37 0D 0A  401.0   0.127..
000301 00:33:00.125  20 34 30 30 2E 30 20 20 20 30 2E 31 32 33 0D 0A  400.0   0.123..
000302 00:33:00.156  20 33 39 39 2E 30 20 20 20 30 2E 31 32 30 0D 0A  399.0   0.120..
000303 00:33:00.171  20 33 39 38 2E 30 20 20 20 30 2E 31 31 37 0D 0A  398.0   0.117..
000304 00:33:00.187  20 33 39 37 2E 30 20 20 20 30 2E 31 31 34 0D 0A  397.0   0.114..
000305 00:33:00.187  20 33 39 36 2E 30 20 20 20 30 2E 31 31 32 0D 0A  396.0   0.112..
000306 00:33:00.203  20 33 39 35 2E 30 20 20 20 30 2E 31 30 39 0D 0A  395.0   0.109..
000307 00:33:00.218  20 33 39 34 2E 30 20 20 20 30 2E 31 30 37 0D 0A  394.0   0.107..
000308 00:33:00.234  20 33 39 33 2E 30 20 20 20 30 2E 31 30 35 0D 0A  393.0   0.105..
000309 00:33:00.265  20 33 39 32 2E 30 20 20 20 30 2E 31 30 33 0D 0A  392.0   0.103..
000310 00:33:00.281  20 33 39 31 2E 30 20 20 20 30 2E 31 30 32 0D 0A  391.0   0.102..
000311 00:33:00.296  20 33 39 30 2E 30 20 20 20 30 2E 31 30 30 0D 0A  390.0   0.100..
000312 00:33:00.312  20 33 38 39 2E 30 20 20 20 30 2E 30 39 39 0D 0A  389.0   0.099..
000313 00:33:00.328  20 33 38 38 2E 30 20 20 20 30 2E 30 39 37 0D 0A  388.0   0.097..
000314 00:33:00.343  20 33 38 37 2E 30 20 20 20 30 2E 30 39 36 0D 0A  387.0   0.096..
000315 00:33:00.359  20 33 38 36 2E 30 20 20 20 30 2E 30 39 35 0D 0A  386.0   0.095..
000316 00:33:00.390  20 33 38 35 2E 30 20 20 20 30 2E 30 39 34 0D 0A  385.0   0.094..
000317 00:33:00.406  20 33 38 34 2E 30 20 20 20 30 2E 30 39 33 0D 0A  384.0   0.093..
000318 00:33:00.421  20 33 38 33 2E 30 20 20 20 30 2E 30 39 33 0D 0A  383.0   0.093..
000319 00:33:00.437  20 33 38 32 2E 30 20 20 20 30 2E 30 39 32 0D 0A  382.0   0.092..
000320 00:33:00.437  20 33 38 31 2E 30 20 20 20 30 2E 30 39 31 0D 0A  381.0   0.091..
000321 00:33:00.453  20 33 38 30 2E 30 20 20 20 30 2E 30 39 30 0D 0A  380.0   0.090..
000322 00:33:00.468  20 33 37 39 2E 30 20 20 20 30 2E 30 39 30 0D 0A  379.0   0.090..
000323 00:33:00.500  20 33 37 38 2E 30 20 20 20 30 2E 30 39 30 0D 0A  378.0   0.090..
000324 00:33:00.515  20 33 37 37 2E 30 20 20 20 30 2E 30 39 30 0D 0A  377.0   0.090..
000325 00:33:00.531  20 33 37 36 2E 30 20 20 20 30 2E 30 39 30 0D 0A  376.0   0.090..
000326 00:33:00.546  20 33 37 35 2E 30 20 20 20 30 2E 30 38 39 0D 0A  375.0   0.089..
000327 00:33:00.562  20 33 37 34 2E 30 20 20 20 30 2E 30 38 39 0D 0A  374.0   0.089..
000328 00:33:00.578  20 33 37 33 2E 30 20 20 20 30 2E 30 39 30 0D 0A  373.0   0.090..
000329 00:33:00.593  20 33 37 32 2E 30 20 20 20 30 2E 30 39 30 0D 0A  372.0   0.090..
000330 00:33:00.625  20 33 37 31 2E 30 20 20 20 30 2E 30 39 30 0D 0A  371.0   0.090..
000331 00:33:00.640  20 33 37 30 2E 30 20 20 20 30 2E 30 39 30 0D 0A  370.0   0.090..
000332 00:33:00.656  20 33 36 39 2E 30 20 20 20 30 2E 30 39 31 0D 0A  369.0   0.091..
000333 00:33:00.671  20 33 36 38 2E 30 20 20 20 30 2E 30 39 31 0D 0A  368.0   0.091..
000334 00:33:00.687  20 33 36 37 2E 30 20 20 20 30 2E 30 39 32 0D 0A  367.0   0.092..
000335 00:33:00.703  20 33 36 36 2E 30 20 20 20 30 2E 30 39 33 0D 0A  366.0   0.093..
000336 00:33:00.703  20 33 36 35 2E 30 20 20 20 30 2E 30 38 39 0D 0A  365.0   0.089..
000337 00:33:00.734  20 33 36 34 2E 30 20 20 20 30 2E 30 39 30 0D 0A  364.0   0.090..
000338 00:33:00.750  20 33 36 33 2E 30 20 20 20 30 2E 30 39 30 0D 0A  363.0   0.090..
000339 00:33:00.765  20 33 36 32 2E 30 20 20 20 30 2E 30 39 32 0D 0A  362.0   0.092..
000340 00:33:00.781  20 33 36 31 2E 30 20 20 20 30 2E 30 39 33 0D 0A  361.0   0.093..
000341 00:33:00.828  20 33 36 30 2E 30 20 20 20 30 2E 30 39 33 0D 0A  360.0   0.093..
000342 00:33:00.828  20 33 35 39 2E 30 20 20 20 30 2E 30 39 35 0D 0A  359.0   0.095..
000343 00:33:00.828  20 33 35 38 2E 30 20 20 20 30 2E 30 39 36 0D 0A  358.0   0.096..
000344 00:33:00.859  20 33 35 37 2E 30 20 20 20 30 2E 30 39 37 0D 0A  357.0   0.097..
000345 00:33:00.875  20 33 35 36 2E 30 20 20 20 30 2E 30 39 38 0D 0A  356.0   0.098..
000346 00:33:00.890  20 33 35 35 2E 30 20 20 20 30 2E 30 39 39 0D 0A  355.0   0.099..
000347 00:33:00.906  20 33 35 34 2E 30 20 20 20 30 2E 31 30 30 0D 0A  354.0   0.100..
000348 00:33:00.921  20 33 35 33 2E 30 20 20 20 30 2E 31 30 31 0D 0A  353.0   0.101..
000349 00:33:00.937  20 33 35 32 2E 30 20 20 20 30 2E 31 30 32 0D 0A  352.0   0.102..
000350 00:33:00.953  20 33 35 31 2E 30 20 20 20 30 2E 31 30 33 0D 0A  351.0   0.103..
000351 00:33:00.968  20 33 35 30 2E 30 20 20 20 30 2E 31 30 34 0D 0A  350.0   0.104..
000352 00:33:00.984  20 33 34 39 2E 30 20 20 20 30 2E 31 30 35 0D 0A  349.0   0.105..
000353 00:33:01.015  20 33 34 38 2E 30 20 20 20 30 2E 31 30 36 0D 0A  348.0   0.106..
000354 00:33:01.015  20 33 34 37 2E 30 20 20 20 30 2E 31 30 37 0D 0A  347.0   0.107..
000355 00:33:01.031  20 33 34 36 2E 30 20 20 20 30 2E 31 30 39 0D 0A  346.0   0.109..
000356 00:33:01.046  20 33 34 35 2E 30 20 20 20 30 2E 31 31 30 0D 0A  345.0   0.110..
000357 00:33:01.062  20 33 34 34 2E 30 20 20 20 30 2E 31 31 30 0D 0A  344.0   0.110..
000358 00:33:01.093  20 33 34 33 2E 30 20 20 20 30 2E 31 31 32 0D 0A  343.0   0.112..
000359 00:33:01.125  20 33 34 32 2E 30 20 20 20 30 2E 31 31 33 0D 0A  342.0   0.113..
000360 00:33:01.125  20 33 34 31 2E 30 20 20 20 30 2E 31 31 34 0D 0A  341.0   0.114..
000361 00:33:01.140  20 33 34 30 2E 30 20 20 20 30 2E 31 31 33 0D 0A  340.0   0.113..
000362 00:33:01.156  20 33 33 39 2E 30 20 20 20 30 2E 31 31 34 0D 0A  339.0   0.114..
000363 00:33:01.171  20 33 33 38 2E 30 20 20 20 30 2E 31 31 35 0D 0A  338.0   0.115..
000364 00:33:01.187  20 33 33 37 2E 30 20 20 20 30 2E 31 31 35 0D 0A  337.0   0.115..
000365 00:33:01.218  20 33 33 36 2E 30 20 20 20 30 2E 31 31 37 0D 0A  336.0   0.117..
000366 00:33:01.234  20 33 33 35 2E 30 20 20 20 30 2E 31 31 39 0D 0A  335.0   0.119..
000367 00:33:01.234  20 33 33 34 2E 30 20 20 20 30 2E 31 32 30 0D 0A  334.0   0.120..
000368 00:33:01.250  20 33 33 33 2E 30 20 20 20 30 2E 31 32 31 0D 0A  333.0   0.121..
000369 00:33:01.265  20 33 33 32 2E 30 20 20 20 30 2E 31 32 32 0D 0A  332.0   0.122..
000370 00:33:01.281  20 33 33 31 2E 30 20 20 20 30 2E 31 32 33 0D 0A  331.0   0.123..
000371 00:33:01.296  20 33 33 30 2E 30 20 20 20 30 2E 31 32 35 0D 0A  330.0   0.125..
000372 00:33:01.343  20 33 32 39 2E 30 20 20 20 30 2E 31 32 37 0D 0A  329.0   0.127..
000373 00:33:01.375  20 33 32 38 2E 30 20 20 20 30 2E 31 32 38 0D 0A  328.0   0.128..
000374 00:33:01.375  20 33 32 37 2E 30 20 20 20 30 2E 31 32 39 0D 0A  327.0   0.129..
000375 00:33:01.375  20 33 32 36 2E 30 20 20 20 30 2E 31 33 32 0D 0A  326.0   0.132..
000376 00:33:01.390  20 33 32 35 2E 30 20 20 20 30 2E 31 33 33 0D 0A  325.0   0.133..
000377 00:33:01.406  20 33 32 34 2E 30 20 20 20 30 2E 31 33 35 0D 0A  324.0   0.135..
000378 00:33:01.421  20 33 32 33 2E 30 20 20 20 30 2E 31 33 36 0D 0A  323.0   0.136..
000379 00:33:01.453  20 33 32 32 2E 30 20 20 20 30 2E 31 33 38 0D 0A  322.0   0.138..
000380 00:33:01.468  20 33 32 31 2E 30 20 20 20 30 2E 31 34 30 0D 0A  321.0   0.140..
000381 00:33:01.484  20 33 32 30 2E 30 20 20 20 30 2E 31 34 31 0D 0A  320.0   0.141..
000382 00:33:01.500  20 33 31 39 2E 30 20 20 20 30 2E 31 34 33 0D 0A  319.0   0.143..
000383 00:33:01.500  20 33 31 38 2E 30 20 20 20 30 2E 31 34 35 0D 0A  318.0   0.145..
000384 00:33:01.515  20 33 31 37 2E 30 20 20 20 30 2E 31 34 37 0D 0A  317.0   0.147..
000385 00:33:01.531  20 33 31 36 2E 30 20 20 20 30 2E 31 35 30 0D 0A  316.0   0.150..
000386 00:33:01.562  20 33 31 35 2E 30 20 20 20 30 2E 31 35 32 0D 0A  315.0   0.152..
000387 00:33:01.578  20 33 31 34 2E 30 20 20 20 30 2E 31 35 36 0D 0A  314.0   0.156..
000388 00:33:01.593  20 33 31 33 2E 30 20 20 20 30 2E 31 36 30 0D 0A  313.0   0.160..
000389 00:33:01.609  20 33 31 32 2E 30 20 20 20 30 2E 31 36 35 0D 0A  312.0   0.165..
000390 00:33:01.625  20 33 31 31 2E 30 20 20 20 30 2E 31 37 32 0D 0A  311.0   0.172..
000391 00:33:01.640  20 33 31 30 2E 30 20 20 20 30 2E 31 38 30 0D 0A  310.0   0.180..
000392 00:33:01.656  20 33 30 39 2E 30 20 20 20 30 2E 31 38 38 0D 0A  309.0   0.188..
000393 00:33:01.687  20 33 30 38 2E 30 20 20 20 30 2E 31 39 39 0D 0A  308.0   0.199..
000394 00:33:01.703  20 33 30 37 2E 30 20 20 20 30 2E 32 31 33 0D 0A  307.0   0.213..
000395 00:33:01.718  20 33 30 36 2E 30 20 20 20 30 2E 32 34 30 0D 0A  306.0   0.240..
000396 00:33:01.734  20 33 30 35 2E 30 20 20 20 30 2E 32 35 34 0D 0A  305.0   0.254..
000397 00:33:01.750  20 33 30 34 2E 30 20 20 20 30 2E 32 37 39 0D 0A  304.0   0.279..
000398 00:33:01.750  20 33 30 33 2E 30 20 20 20 30 2E 33 30 39 0D 0A  303.0   0.309..
000399 00:33:01.781  20 33 30 32 2E 30 20 20 20 30 2E 33 34 37 0D 0A  302.0   0.347..
000400 00:33:01.796  20 33 30 31 2E 30 20 20 20 30 2E 33 38 39 0D 0A  301.0   0.389..
000401 00:33:01.812  20 33 30 30 2E 30 20 20 20 30 2E 34 33 39 0D 0A  300.0   0.439..
000402 00:33:01.828  20 32 39 39 2E 30 20 20 20 30 2E 34 39 39 0D 0A  299.0   0.499..
000403 00:33:01.843  20 32 39 38 2E 30 20 20 20 30 2E 35 37 30 0D 0A  298.0   0.570..
000404 00:33:01.859  20 32 39 37 2E 30 20 20 20 30 2E 36 34 36 0D 0A  297.0   0.646..
000405 00:33:01.875  20 32 39 36 2E 30 20 20 20 30 2E 37 33 37 0D 0A  296.0   0.737..
000406 00:33:01.890  20 32 39 35 2E 30 20 20 20 30 2E 38 34 39 0D 0A  295.0   0.849..
000407 00:33:01.921  20 32 39 34 2E 30 20 20 20 30 2E 39 38 32 0D 0A  294.0   0.982..
000408 00:33:01.937  20 32 39 33 2E 30 20 20 20 31 2E 31 31 38 0D 0A  293.0   1.118..
000409 00:33:01.953  20 32 39 32 2E 30 20 20 20 31 2E 32 36 36 0D 0A  292.0   1.266..
000410 00:33:01.968  20 32 39 31 2E 30 20 20 20 31 2E 34 32 33 0D 0A  291.0   1.423..
000411 00:33:01.984  20 32 39 30 2E 30 20 20 20 31 2E 35 38 32 0D 0A  290.0   1.582..
000412 00:33:02.000  20 32 38 39 2E 30 20 20 20 31 2E 37 32 38 0D 0A  289.0   1.728..
000413 00:33:02.015  20 32 38 38 2E 30 20 20 20 31 2E 38 36 33 0D 0A  288.0   1.863..
000414 00:33:02.031  20 32 38 37 2E 30 20 20 20 32 2E 30 30 39 0D 0A  287.0   2.009..
000415 00:33:02.046  20 32 38 36 2E 30 20 20 20 32 2E 31 34 37 0D 0A  286.0   2.147..
000416 00:33:02.062  20 32 38 35 2E 30 20 20 20 32 2E 32 38 32 0D 0A  285.0   2.282..
000417 00:33:02.078  20 32 38 34 2E 30 20 20 20 32 2E 34 30 31 0D 0A  284.0   2.401..
000418 00:33:02.093  20 32 38 33 2E 30 20 20 20 32 2E 35 34 31 0D 0A  283.0   2.541..
000419 00:33:02.109  20 32 38 32 2E 30 20 20 20 32 2E 35 39 33 0D 0A  282.0   2.593..
000420 00:33:02.125  20 32 38 31 2E 30 20 20 20 32 2E 36 35 31 0D 0A  281.0   2.651..
000421 00:33:02.156  20 32 38 30 2E 30 20 20 20 32 2E 36 35 36 0D 0A  280.0   2.656..
000422 00:33:02.171  20 32 37 39 2E 30 20 20 20 32 2E 37 32 32 0D 0A  279.0   2.722..
000423 00:33:02.187  20 32 37 38 2E 30 20 20 20 32 2E 37 32 37 0D 0A  278.0   2.727..
000424 00:33:02.203  20 32 37 37 2E 30 20 20 20 32 2E 37 33 31 0D 0A  277.0   2.731..
000425 00:33:02.218  20 32 37 36 2E 30 20 20 20 32 2E 37 30 34 0D 0A  276.0   2.704..
000426 00:33:02.234  20 32 37 35 2E 30 20 20 20 32 2E 36 38 31 0D 0A  275.0   2.681..
000427 00:33:02.250  20 32 37 34 2E 30 20 20 20 32 2E 36 33 33 0D 0A  274.0   2.633..
000428 00:33:02.281  20 32 37 33 2E 30 20 20 20 32 2E 35 39 32 0D 0A  273.0   2.592..
000429 00:33:02.281  20 32 37 32 2E 30 20 20 20 32 2E 35 31 37 0D 0A  272.0   2.517..
000430 00:33:02.296  20 32 37 31 2E 30 20 20 20 32 2E 34 37 33 0D 0A  271.0   2.473..
000431 00:33:02.312  20 32 37 30 2E 30 20 20 20 32 2E 34 30 36 0D 0A  270.0   2.406..
000432 00:33:02.343  20 32 36 39 2E 30 20 20 20 32 2E 33 35 31 0D 0A  269.0   2.351..
000433 00:33:02.343  20 32 36 38 2E 30 20 20 20 32 2E 32 36 36 0D 0A  268.0   2.266..
000434 00:33:02.359  20 32 36 37 2E 30 20 20 20 32 2E 31 39 31 0D 0A  267.0   2.191..
000435 00:33:02.390  20 32 36 36 2E 30 20 20 20 32 2E 31 32 33 0D 0A  266.0   2.123..
000436 00:33:02.406  20 32 36 35 2E 30 20 20 20 32 2E 30 34 32 0D 0A  265.0   2.042..
000437 00:33:02.421  20 32 36 34 2E 30 20 20 20 31 2E 39 37 33 0D 0A  264.0   1.973..
000438 00:33:02.437  20 32 36 33 2E 30 20 20 20 31 2E 39 30 32 0D 0A  263.0   1.902..
000439 00:33:02.453  20 32 36 32 2E 30 20 20 20 31 2E 38 33 37 0D 0A  262.0   1.837..
000440 00:33:02.468  20 32 36 31 2E 30 20 20 20 31 2E 37 38 32 0D 0A  261.0   1.782..
000441 00:33:02.484  20 32 36 30 2E 30 20 20 20 31 2E 37 32 35 0D 0A  260.0   1.725..
000442 00:33:02.515  20 32 35 39 2E 30 20 20 20 31 2E 36 37 35 0D 0A  259.0   1.675..
000443 00:33:02.531  20 32 35 38 2E 30 20 20 20 31 2E 36 32 35 0D 0A  258.0   1.625..
000444 00:33:02.546  20 32 35 37 2E 30 20 20 20 31 2E 35 39 31 0D 0A  257.0   1.591..
000445 00:33:02.593  20 32 35 36 2E 30 20 20 20 31 2E 35 35 36 0D 0A  256.0   1.556..
000446 00:33:02.593  20 32 35 35 2E 30 20 20 20 31 2E 35 33 36 0D 0A  255.0   1.536..
000447 00:33:02.593  20 32 35 34 2E 30 20 20 20 31 2E 35 32 32 0D 0A  254.0   1.522..
000448 00:33:02.593  20 32 35 33 2E 30 20 20 20 31 2E 35 32 33 0D 0A  253.0   1.523..
000449 00:33:02.625  20 32 35 32 2E 30 20 20 20 31 2E 35 33 34 0D 0A  252.0   1.534..
000450 00:33:02.640  20 32 35 31 2E 30 20 20 20 31 2E 35 35 35 0D 0A  251.0   1.555..
000451 00:33:02.656  20 32 35 30 2E 30 20 20 20 31 2E 35 39 30 0D 0A  250.0   1.590..
000452 00:33:02.671  20 32 34 39 2E 30 20 20 20 31 2E 36 33 31 0D 0A  249.0   1.631..
000453 00:33:02.687  20 32 34 38 2E 30 20 20 20 31 2E 36 39 33 0D 0A  248.0   1.693..
000454 00:33:02.703  20 32 34 37 2E 30 20 20 20 31 2E 37 37 36 0D 0A  247.0   1.776..
000455 00:33:02.718  20 32 34 36 2E 30 20 20 20 31 2E 38 37 34 0D 0A  246.0   1.874..
000456 00:33:02.750  20 32 34 35 2E 30 20 20 20 32 2E 30 30 35 0D 0A  245.0   2.005..
000457 00:33:02.765  20 32 34 34 2E 30 20 20 20 32 2E 31 36 36 0D 0A  244.0   2.166..
000458 00:33:02.781  20 32 34 33 2E 30 20 20 20 32 2E 33 33 34 0D 0A  243.0   2.334..
000459 00:33:02.796  20 32 34 32 2E 30 20 20 20 32 2E 35 39 37 0D 0A  242.0   2.597..
000460 00:33:02.812  20 32 34 31 2E 30 20 20 20 32 2E 38 32 36 0D 0A  241.0   2.826..
000461 00:33:02.812  20 32 34 30 2E 30 20 20 20 33 2E 31 33 32 0D 0A  240.0   3.132..
000462 00:33:02.828  20 32 33 39 2E 30 20 20 20 33 2E 36 31 34 0D 0A  239.0   3.614..
000463 00:33:02.859  20 32 33 38 2E 30 20 20 20 34 2E 30 30 30 0D 0A  238.0   4.000..
000464 00:33:02.875  20 32 33 37 2E 30 20 20 20 34 2E 30 30 30 0D 0A  237.0   4.000..
000465 00:33:02.890  20 32 33 36 2E 30 20 20 20 34 2E 30 30 30 0D 0A  236.0   4.000..
000466 00:33:02.906  20 32 33 35 2E 30 20 20 20 34 2E 30 30 30 0D 0A  235.0   4.000..
000467 00:33:02.921  20 32 33 34 2E 30 20 20 20 34 2E 30 30 30 0D 0A  234.0   4.000..
000468 00:33:02.937  20 32 33 33 2E 30 20 20 20 34 2E 30 30 30 0D 0A  233.0   4.000..
000469 00:33:02.953  20 32 33 32 2E 30 20 20 20 34 2E 30 30 30 0D 0A  232.0   4.000..
000470 00:33:02.984  20 32 33 31 2E 30 20 20 20 34 2E 30 30 30 0D 0A  231.0   4.000..
000471 00:33:03.000  20 32 33 30 2E 30 20 20 20 34 2E 30 30 30 0D 0A  230.0   4.000..
000472 00:33:03.015  20 32 32 39 2E 30 20 20 20 34 2E 30 30 30 0D 0A  229.0   4.000..
000473 00:33:03.031  20 32 32 38 2E 30 20 20 20 34 2E 30 30 30 0D 0A  228.0   4.000..
000474 00:33:03.046  20 32 32 37 2E 30 20 20 20 34 2E 30 30 30 0D 0A  227.0   4.000..
000475 00:33:03.062  20 32 32 36 2E 30 20 20 20 34 2E 30 30 30 0D 0A  226.0   4.000..
000476 00:33:03.062  20 32 32 35 2E 30 20 20 20 34 2E 30 30 30 0D 0A  225.0   4.000..
000477 00:33:03.093  20 32 32 34 2E 30 20 20 20 34 2E 30 30 30 0D 0A  224.0   4.000..
000478 00:33:03.140  20 32 32 33 2E 30 20 20 20 34 2E 30 30 30 0D 0A  223.0   4.000..
000479 00:33:03.140  20 32 32 32 2E 30 20 20 20 34 2E 30 30 30 0D 0A  222.0   4.000..
000480 00:33:03.140  20 32 32 31 2E 30 20 20 20 34 2E 30 30 30 0D 0A  221.0   4.000..
000481 00:33:03.156  20 32 32 30 2E 30 20 20 20 34 2E 30 30 30 0D 0A  220.0   4.000..
000482 00:33:03.171  20 32 31 39 2E 30 20 20 20 34 2E 30 30 30 0D 0A  219.0   4.000..
000483 00:33:03.187  20 32 31 38 2E 30 20 20 20 34 2E 30 30 30 0D 0A  218.0   4.000..
000484 00:33:03.218  20 32 31 37 2E 30 20 20 20 34 2E 30 30 30 0D 0A  217.0   4.000..
000485 00:33:03.234  20 32 31 36 2E 30 20 20 20 34 2E 30 30 30 0D 0A  216.0   4.000..
000486 00:33:03.250  20 32 31 35 2E 30 20 20 20 34 2E 30 30 30 0D 0A  215.0   4.000..
000487 00:33:03.265  20 32 31 34 2E 30 20 20 20 34 2E 30 30 30 0D 0A  214.0   4.000..
000488 00:33:03.281  20 32 31 33 2E 30 20 20 20 34 2E 30 30 30 0D 0A  213.0   4.000..
000489 00:33:03.296  20 32 31 32 2E 30 20 20 20 34 2E 30 30 30 0D 0A  212.0   4.000..
000490 00:33:03.312  20 32 31 31 2E 30 20 20 20 34 2E 30 30 30 0D 0A  211.0   4.000..
000491 00:33:03.343  20 32 31 30 2E 30 20 20 20 34 2E 30 30 30 0D 0A  210.0   4.000..
000492 00:33:03.343  20 32 30 39 2E 30 20 20 20 34 2E 30 30 30 0D 0A  209.0   4.000..
000493 00:33:03.359  20 32 30 38 2E 30 20 20 20 33 2E 38 37 36 0D 0A  208.0   3.876..
000494 00:33:03.375  20 32 30 37 2E 30 20 20 20 34 2E 30 30 30 0D 0A  207.0   4.000..
000495 00:33:03.390  20 32 30 36 2E 30 20 20 20 34 2E 30 30 30 0D 0A  206.0   4.000..
000496 00:33:03.406  20 32 30 35 2E 30 20 20 20 34 2E 30 30 30 0D 0A  205.0   4.000..
000497 00:33:03.421  20 32 30 34 2E 30 20 20 20 34 2E 30 30 30 0D 0A  204.0   4.000..
000498 00:33:03.453  20 32 30 33 2E 30 20 20 20 34 2E 30 30 30 0D 0A  203.0   4.000..
000499 00:33:03.468  20 32 30 32 2E 30 20 20 20 34 2E 30 30 30 0D 0A  202.0   4.000..
000500 00:33:03.484  20 32 30 31 2E 30 20 20 20 34 2E 30 30 30 0D 0A  201.0   4.000..
000501 00:33:03.500  20 32 30 30 2E 30 20 20 20 34 2E 30 30 30 0D 0A  200.0   4.000..
000502 00:33:03.515  20 31 39 39 2E 30 20 20 20 34 2E 30 30 30 0D 0A  199.0   4.000..
000503 00:33:03.531  20 31 39 38 2E 30 20 20 20 34 2E 30 30 30 0D 0A  198.0   4.000..
000504 00:33:03.546  20 31 39 37 2E 30 20 20 20 34 2E 30 30 30 0D 0A  197.0   4.000..
000505 00:33:03.578  20 31 39 36 2E 30 20 20 20 33 2E 39 31 32 0D 0A  196.0   3.912..
000506 00:33:03.593  20 31 39 35 2E 30 20 20 20 33 2E 38 35 31 0D 0A  195.0   3.851..
000507 00:33:03.593  20 31 39 34 2E 30 20 20 20 33 2E 37 38 30 0D 0A  194.0   3.780..
000508 00:33:03.609  20 31 39 33 2E 30 20 20 20 33 2E 37 30 38 0D 0A  193.0   3.708..
000509 00:33:03.625  20 31 39 32 2E 30 20 20 20 34 2E 30 30 30 0D 0A  192.0   4.000..
000510 00:33:03.640  20 31 39 31 2E 30 20 20 20 33 2E 35 32 36 0D 0A  191.0   3.526..
000511 00:33:03.656  20 31 39 30 2E 30 20 20 20 33 2E 34 30 38 0D 0A  190.0   3.408..
000512 00:33:03.703  1A                                              .
