700.0   0.137
699.0   0.137
698.0   0.137
697.0   0.137
696.0   0.138
695.0   0.138
694.0   0.139
693.0   0.139
692.0   0.140
691.0   0.140
690.0   0.141
689.0   0.141
688.0   0.141
687.0   0.142
686.0   0.142
685.0   0.143
684.0   0.143
683.0   0.144
682.0   0.144
681.0   0.144
680.0   0.145
679.0   0.145
678.0   0.145
677.0   0.146
676.0   0.146
675.0   0.146
674.0   0.147
673.0   0.148
672.0   0.148
671.0   0.149
670.0   0.149
669.0   0.149
668.0   0.150
667.0   0.150
666.0   0.151
665.0   0.151
664.0   0.152
663.0   0.152
662.0   0.153
661.0   0.153
660.0   0.153
659.0   0.154
658.0   0.154
657.0   0.155
656.0   0.155
655.0   0.156
654.0   0.156
653.0   0.157
652.0   0.158
651.0   0.158
650.0   0.158
649.0   0.159
648.0   0.160
647.0   0.161
646.0   0.161
645.0   0.162
644.0   0.162
643.0   0.163
642.0   0.163
641.0   0.164
640.0   0.164
639.0   0.165
638.0   0.166
637.0   0.166
636.0   0.167
635.0   0.168
634.0   0.168
633.0   0.169
632.0   0.169
631.0   0.169
630.0   0.170
629.0   0.170
628.0   0.171
627.0   0.171
626.0   0.172
625.0   0.172
624.0   0.173
623.0   0.173
622.0   0.174
621.0   0.174
620.0   0.175
619.0   0.175
618.0   0.176
617.0   0.176
616.0   0.177
615.0   0.177
614.0   0.178
613.0   0.178
612.0   0.179
611.0   0.179
610.0   0.180
609.0   0.180
608.0   0.181
607.0   0.181
606.0   0.182
605.0   0.182
604.0   0.183
603.0   0.184
602.0   0.184
601.0   0.185
600.0   0.185
599.0   0.186
598.0   0.187
597.0   0.187
596.0   0.188
595.0   0.188
594.0   0.189
593.0   0.189
592.0   0.190
591.0   0.191
590.0   0.191
589.0   0.192
588.0   0.193
587.0   0.193
586.0   0.194
585.0   0.195
584.0   0.195
583.0   0.196
582.0   0.197
581.0   0.198
580.0   0.198
579.0   0.199
578.0   0.200
577.0   0.201
576.0   0.201
575.0   0.202
574.0   0.202
573.0   0.203
572.0   0.204
571.0   0.204
570.0   0.205
569.0   0.206
568.0   0.206
567.0   0.207
566.0   0.208
565.0   0.208
564.0   0.209
563.0   0.209
562.0   0.210
561.0   0.211
560.0   0.211
559.0   0.212
558.0   0.213
557.0   0.214
556.0   0.215
555.0   0.215
554.0   0.216
553.0   0.217
552.0   0.218
551.0   0.219
550.0   0.220
549.0   0.221
548.0   0.221
547.0   0.222
546.0   0.223
545.0   0.224
544.0   0.225
543.0   0.226
542.0   0.227
541.0   0.228
540.0   0.229
539.0   0.230
538.0   0.231
537.0   0.232
536.0   0.230
535.0   0.230
534.0   0.231
533.0   0.232
532.0   0.233
531.0   0.234
530.0   0.234
529.0   0.235
528.0   0.236
527.0   0.237
526.0   0.237
525.0   0.239
524.0   0.239
523.0   0.240
522.0   0.241
521.0   0.242
520.0   0.242
519.0   0.244
518.0   0.244
517.0   0.245
516.0   0.246
515.0   0.247
514.0   0.248
513.0   0.249
512.0   0.250
511.0   0.250
510.0   0.251
509.0   0.252
508.0   0.253
507.0   0.254
506.0   0.255
505.0   0.256
504.0   0.257
503.0   0.258
502.0   0.259
501.0   0.259
500.0   0.260
499.0   0.261
498.0   0.262
497.0   0.264
496.0   0.265
495.0   0.265
494.0   0.266
493.0   0.267
492.0   0.268
491.0   0.269
490.0   0.271
489.0   0.271
488.0   0.272
487.0   0.273
486.0   0.274
485.0   0.275
484.0   0.276
483.0   0.277
482.0   0.278
481.0   0.279
480.0   0.280
479.0   0.281
478.0   0.282
477.0   0.283
476.0   0.284
475.0   0.285
474.0   0.286
473.0   0.287
472.0   0.288
471.0   0.289
470.0   0.290
469.0   0.292
468.0   0.293
467.0   0.294
466.0   0.295
465.0   0.296
464.0   0.297
463.0   0.299
462.0   0.300
461.0   0.302
460.0   0.303
459.0   0.305
458.0   0.306
457.0   0.307
456.0   0.308
455.0   0.309
454.0   0.311
453.0   0.312
452.0   0.313
451.0   0.315
450.0   0.316
449.0   0.318
448.0   0.319
447.0   0.321
446.0   0.322
445.0   0.324
444.0   0.326
443.0   0.328
442.0   0.329
441.0   0.332
440.0   0.334
439.0   0.336
438.0   0.338
437.0   0.340
436.0   0.342
435.0   0.345
434.0   0.347
433.0   0.350
432.0   0.353
431.0   0.355
430.0   0.358
429.0   0.361
428.0   0.365
427.0   0.369
426.0   0.373
425.0   0.376
424.0   0.381
423.0   0.386
422.0   0.391
421.0   0.396
420.0   0.402
419.0   0.407
418.0   0.413
417.0   0.420
416.0   0.427
415.0   0.432
414.0   0.438
413.0   0.444
412.0   0.452
411.0   0.458
410.0   0.464
409.0   0.470
408.0   0.475
407.0   0.479
406.0   0.482
405.0   0.484
404.0   0.485
403.0   0.485
402.0   0.484
401.0   0.483
400.0   0.482
399.0   0.480
398.0   0.478
397.0   0.476
396.0   0.474
395.0   0.472
394.0   0.471
393.0   0.469
392.0   0.468
391.0   0.468
390.0   0.467
389.0   0.467
388.0   0.467
387.0   0.466
386.0   0.467
385.0   0.467
384.0   0.468
383.0   0.468
382.0   0.469
381.0   0.470
380.0   0.470
379.0   0.471
378.0   0.472
377.0   0.473
376.0   0.474
375.0   0.475
374.0   0.476
373.0   0.478
372.0   0.480
371.0   0.481
370.0   0.483
369.0   0.484
368.0   0.486
367.0   0.489
366.0   0.491
365.0   0.488
364.0   0.490
363.0   0.492
362.0   0.494
361.0   0.497
360.0   0.499
359.0   0.502
358.0   0.504
357.0   0.506
356.0   0.509
355.0   0.512
354.0   0.514
353.0   0.517
352.0   0.520
351.0   0.522
350.0   0.525
349.0   0.527
348.0   0.530
347.0   0.533
346.0   0.536
345.0   0.539
344.0   0.542
343.0   0.545
342.0   0.547
341.0   0.551
340.0   0.573
339.0   0.574
338.0   0.577
337.0   0.580
336.0   0.584
335.0   0.587
334.0   0.591
333.0   0.594
332.0   0.597
331.0   0.600
330.0   0.605
329.0   0.608
328.0   0.611
327.0   0.615
326.0   0.620
325.0   0.624
324.0   0.627
323.0   0.631
322.0   0.635
321.0   0.639
320.0   0.643
319.0   0.648
318.0   0.653
317.0   0.657
316.0   0.662
315.0   0.667
314.0   0.674
313.0   0.680
312.0   0.686
311.0   0.696
310.0   0.705
309.0   0.713
308.0   0.726
307.0   0.741
306.0   0.773
305.0   0.789
304.0   0.815
303.0   0.846
302.0   0.886
301.0   0.929
300.0   0.979
299.0   1.042
298.0   1.113
297.0   1.189
296.0   1.280
295.0   1.390
294.0   1.522
293.0   1.652
292.0   1.800
291.0   1.952
290.0   2.100
289.0   2.239
288.0   2.376
287.0   2.529
286.0   2.664
285.0   2.772
284.0   2.913
283.0   3.042
282.0   3.125
281.0   3.129
280.0   3.230
279.0   3.234
278.0   3.239
277.0   3.243
276.0   3.249
275.0   3.158
274.0   3.165
273.0   3.172
272.0   3.101
271.0   3.110
270.0   2.994
269.0   2.953
268.0   2.919
267.0   2.852
266.0   2.767
265.0   2.700
264.0   2.626
263.0   2.566
262.0   2.501
261.0   2.448
260.0   2.394
259.0   2.348
258.0   2.292
257.0   2.272
256.0   2.229
255.0   2.215
254.0   2.180
253.0   2.191
252.0   2.201
251.0   2.213
250.0   2.223
249.0   2.279
248.0   2.340
247.0   2.408
246.0   2.522
245.0   2.619
244.0   2.803
243.0   2.987
242.0   3.120
241.0   3.604
240.0   4.000
239.0   4.000
238.0   4.000
237.0   4.000
236.0   4.000
235.0   4.000
234.0   4.000
233.0   4.000
232.0   4.000
231.0   4.000
230.0   4.000
229.0   4.000
228.0   4.000
227.0   3.555
226.0   4.000
225.0   4.000
224.0   4.000
223.0   4.000
222.0   3.508
221.0   4.000
220.0   4.000
219.0   4.000
218.0   4.000
217.0   3.453
216.0   4.000
215.0   4.000
214.0   4.000
213.0   4.000
212.0   4.000
211.0   4.000
210.0   4.000
209.0   4.000
208.0   4.000
207.0   4.000
206.0   4.000
205.0   4.000
204.0   4.000
203.0   4.000
202.0   4.000
201.0   4.000
200.0   3.540
199.0   4.000
198.0   3.428
197.0   4.000
196.0   4.000
195.0   4.000
194.0   4.000
193.0   4.000
192.0   4.000
191.0   3.526
190.0   4.000
