700.0   0.194
699.0   0.194
698.0   0.195
697.0   0.195
696.0   0.196
695.0   0.196
694.0   0.197
693.0   0.197
692.0   0.198
691.0   0.199
690.0   0.199
689.0   0.200
688.0   0.201
687.0   0.201
686.0   0.202
685.0   0.202
684.0   0.202
683.0   0.203
682.0   0.203
681.0   0.204
680.0   0.205
679.0   0.205
678.0   0.206
677.0   0.206
676.0   0.207
675.0   0.208
674.0   0.208
673.0   0.209
672.0   0.210
671.0   0.210
670.0   0.211
669.0   0.211
668.0   0.211
667.0   0.212
666.0   0.213
665.0   0.214
664.0   0.214
663.0   0.215
662.0   0.216
661.0   0.216
660.0   0.217
659.0   0.218
658.0   0.218
657.0   0.219
656.0   0.220
655.0   0.220
654.0   0.221
653.0   0.221
652.0   0.222
651.0   0.222
650.0   0.223
649.0   0.224
648.0   0.225
647.0   0.226
646.0   0.227
645.0   0.227
644.0   0.228
643.0   0.229
642.0   0.229
641.0   0.230
640.0   0.230
639.0   0.231
638.0   0.232
637.0   0.233
636.0   0.234
635.0   0.236
634.0   0.236
633.0   0.237
632.0   0.238
631.0   0.238
630.0   0.239
629.0   0.240
628.0   0.240
627.0   0.241
626.0   0.242
625.0   0.242
624.0   0.243
623.0   0.244
622.0   0.244
621.0   0.245
620.0   0.246
619.0   0.247
618.0   0.247
617.0   0.248
616.0   0.249
615.0   0.249
614.0   0.250
613.0   0.250
612.0   0.251
611.0   0.252
610.0   0.252
609.0   0.253
608.0   0.254
607.0   0.255
606.0   0.255
605.0   0.256
604.0   0.257
603.0   0.258
602.0   0.259
601.0   0.259
600.0   0.260
599.0   0.261
598.0   0.261
597.0   0.262
596.0   0.263
595.0   0.264
594.0   0.265
593.0   0.266
592.0   0.266
591.0   0.267
590.0   0.268
589.0   0.269
588.0   0.270
587.0   0.271
586.0   0.271
585.0   0.272
584.0   0.273
583.0   0.274
582.0   0.275
581.0   0.276
580.0   0.277
579.0   0.278
578.0   0.279
577.0   0.280
576.0   0.281
575.0   0.282
574.0   0.283
573.0   0.284
572.0   0.284
571.0   0.285
570.0   0.286
569.0   0.287
568.0   0.288
567.0   0.288
566.0   0.289
565.0   0.291
564.0   0.292
563.0   0.292
562.0   0.293
561.0   0.294
560.0   0.295
559.0   0.296
558.0   0.297
557.0   0.298
556.0   0.299
555.0   0.300
554.0   0.301
553.0   0.302
552.0   0.303
551.0   0.304
550.0   0.305
549.0   0.307
548.0   0.307
547.0   0.308
546.0   0.310
545.0   0.311
544.0   0.312
543.0   0.313
542.0   0.315
541.0   0.316
540.0   0.317
539.0   0.319
538.0   0.320
537.0   0.321
536.0   0.321
535.0   0.322
534.0   0.323
533.0   0.324
532.0   0.325
531.0   0.326
530.0   0.327
529.0   0.328
528.0   0.329
527.0   0.331
526.0   0.331
525.0   0.333
524.0   0.334
523.0   0.335
522.0   0.337
521.0   0.337
520.0   0.338
519.0   0.340
518.0   0.341
517.0   0.342
516.0   0.343
515.0   0.345
514.0   0.346
513.0   0.347
512.0   0.348
511.0   0.349
510.0   0.350
509.0   0.351
508.0   0.352
507.0   0.354
506.0   0.355
505.0   0.356
504.0   0.358
503.0   0.359
502.0   0.360
501.0   0.361
500.0   0.363
499.0   0.364
498.0   0.365
497.0   0.367
496.0   0.368
495.0   0.369
494.0   0.370
493.0   0.370
492.0   0.372
491.0   0.374
490.0   0.375
489.0   0.376
488.0   0.377
487.0   0.379
486.0   0.380
485.0   0.382
484.0   0.383
483.0   0.384
482.0   0.386
481.0   0.387
480.0   0.389
479.0   0.390
478.0   0.391
477.0   0.393
476.0   0.394
475.0   0.395
474.0   0.397
473.0   0.398
472.0   0.399
471.0   0.401
470.0   0.403
469.0   0.404
468.0   0.406
467.0   0.407
466.0   0.409
465.0   0.410
464.0   0.412
463.0   0.413
462.0   0.415
461.0   0.416
460.0   0.418
459.0   0.420
458.0   0.422
457.0   0.424
456.0   0.425
455.0   0.427
454.0   0.428
453.0   0.430
452.0   0.432
451.0   0.434
450.0   0.436
449.0   0.438
448.0   0.440
447.0   0.442
446.0   0.444
445.0   0.446
444.0   0.448
443.0   0.450
442.0   0.452
441.0   0.454
440.0   0.457
439.0   0.459
438.0   0.462
437.0   0.464
436.0   0.466
435.0   0.469
434.0   0.472
433.0   0.475
432.0   0.478
431.0   0.481
430.0   0.484
429.0   0.488
428.0   0.492
427.0   0.496
426.0   0.500
425.0   0.504
424.0   0.509
423.0   0.514
422.0   0.520
421.0   0.525
420.0   0.531
419.0   0.537
418.0   0.544
417.0   0.551
416.0   0.556
415.0   0.561
414.0   0.568
413.0   0.576
412.0   0.583
411.0   0.591
410.0   0.598
409.0   0.604
408.0   0.610
407.0   0.615
406.0   0.619
405.0   0.621
404.0   0.623
403.0   0.624
402.0   0.624
401.0   0.623
400.0   0.622
399.0   0.621
398.0   0.619
397.0   0.617
396.0   0.616
395.0   0.614
394.0   0.613
393.0   0.612
392.0   0.612
391.0   0.611
390.0   0.611
389.0   0.611
388.0   0.611
387.0   0.612
386.0   0.613
385.0   0.613
384.0   0.615
383.0   0.615
382.0   0.616
381.0   0.617
380.0   0.618
379.0   0.620
378.0   0.621
377.0   0.623
376.0   0.624
375.0   0.626
374.0   0.628
373.0   0.630
372.0   0.632
371.0   0.634
370.0   0.636
369.0   0.638
368.0   0.641
367.0   0.644
366.0   0.646
365.0   0.649
364.0   0.651
363.0   0.653
362.0   0.656
361.0   0.659
360.0   0.662
359.0   0.665
358.0   0.667
357.0   0.670
356.0   0.674
355.0   0.677
354.0   0.680
353.0   0.683
352.0   0.686
351.0   0.689
350.0   0.693
349.0   0.697
348.0   0.700
347.0   0.703
346.0   0.707
345.0   0.710
344.0   0.714
343.0   0.718
342.0   0.722
341.0   0.725
340.0   0.738
339.0   0.741
338.0   0.744
337.0   0.748
336.0   0.752
335.0   0.756
334.0   0.760
333.0   0.765
332.0   0.768
331.0   0.773
330.0   0.777
329.0   0.781
328.0   0.785
327.0   0.790
326.0   0.795
325.0   0.800
324.0   0.804
323.0   0.808
322.0   0.813
321.0   0.818
320.0   0.822
319.0   0.828
318.0   0.833
317.0   0.838
316.0   0.844
315.0   0.850
314.0   0.858
313.0   0.865
312.0   0.871
311.0   0.881
310.0   0.891
309.0   0.901
308.0   0.914
307.0   0.930
306.0   0.960
305.0   0.977
304.0   1.003
303.0   1.035
302.0   1.075
301.0   1.119
300.0   1.170
299.0   1.231
298.0   1.304
297.0   1.380
296.0   1.470
295.0   1.582
294.0   1.710
293.0   1.843
292.0   1.987
291.0   2.146
290.0   2.289
289.0   2.427
288.0   2.552
287.0   2.729
286.0   2.810
285.0   2.968
284.0   3.038
283.0   3.218
282.0   3.221
281.0   3.350
280.0   3.355
279.0   3.359
278.0   3.364
277.0   3.368
276.0   3.374
275.0   3.255
274.0   3.387
273.0   3.394
272.0   3.277
271.0   3.286
270.0   3.198
269.0   3.129
268.0   3.074
267.0   3.028
266.0   2.989
265.0   2.876
264.0   2.822
263.0   2.777
262.0   2.714
261.0   2.662
260.0   2.619
259.0   2.567
258.0   2.535
257.0   2.494
256.0   2.459
255.0   2.429
254.0   2.440
253.0   2.413
252.0   2.423
251.0   2.473
250.0   2.483
249.0   2.534
248.0   2.544
247.0   2.651
246.0   2.719
245.0   2.874
244.0   2.979
243.0   3.288
242.0   3.296
241.0   4.000
240.0   4.000
239.0   4.000
238.0   4.000
237.0   4.000
236.0   4.000
235.0   4.000
234.0   4.000
233.0   4.000
232.0   4.000
231.0   4.000
230.0   4.000
229.0   4.000
228.0   4.000
227.0   4.000
226.0   4.000
225.0   4.000
224.0   4.000
223.0   4.000
222.0   4.000
221.0   4.000
220.0   4.000
219.0   4.000
218.0   4.000
217.0   4.000
216.0   4.000
215.0   4.000
214.0   4.000
213.0   4.000
212.0   4.000
211.0   4.000
210.0   3.931
209.0   4.000
208.0   4.000
207.0   3.845
206.0   4.000
205.0   3.772
204.0   4.000
203.0   4.000
202.0   4.000
201.0   3.590
200.0   4.000
199.0   4.000
198.0   3.428
197.0   3.968
196.0   4.000
195.0   4.000
194.0   4.000
193.0   3.708
192.0   4.000
191.0   4.000
190.0   3.408
