700.0   0.015
699.0   0.015
698.0   0.015
697.0   0.015
696.0   0.015
695.0   0.015
694.0   0.015
693.0   0.015
692.0   0.015
691.0   0.016
690.0   0.016
689.0   0.016
688.0   0.016
687.0   0.016
686.0   0.016
685.0   0.016
684.0   0.016
683.0   0.016
682.0   0.016
681.0   0.016
680.0   0.016
679.0   0.016
678.0   0.016
677.0   0.016
676.0   0.016
675.0   0.016
674.0   0.016
673.0   0.016
672.0   0.016
671.0   0.016
670.0   0.017
669.0   0.017
668.0   0.017
667.0   0.017
666.0   0.017
665.0   0.017
664.0   0.017
663.0   0.017
662.0   0.018
661.0   0.018
660.0   0.018
659.0   0.018
658.0   0.018
657.0   0.018
656.0   0.018
655.0   0.019
654.0   0.019
653.0   0.019
652.0   0.019
651.0   0.019
650.0   0.019
649.0   0.020
648.0   0.020
647.0   0.020
646.0   0.020
645.0   0.020
644.0   0.020
643.0   0.020
642.0   0.020
641.0   0.020
640.0   0.020
639.0   0.020
638.0   0.021
637.0   0.021
636.0   0.022
635.0   0.023
634.0   0.023
633.0   0.023
632.0   0.024
631.0   0.023
630.0   0.024
629.0   0.024
628.0   0.023
627.0   0.023
626.0   0.023
625.0   0.024
624.0   0.024
623.0   0.024
622.0   0.024
621.0   0.024
620.0   0.024
619.0   0.024
618.0   0.024
617.0   0.024
616.0   0.024
615.0   0.024
614.0   0.024
613.0   0.024
612.0   0.024
611.0   0.024
610.0   0.024
609.0   0.024
608.0   0.024
607.0   0.024
606.0   0.024
605.0   0.024
604.0   0.024
603.0   0.024
602.0   0.024
601.0   0.024
600.0   0.025
599.0   0.025
598.0   0.025
597.0   0.025
596.0   0.025
595.0   0.025
594.0   0.025
593.0   0.025
592.0   0.025
591.0   0.025
590.0   0.025
589.0   0.026
588.0   0.026
587.0   0.026
586.0   0.026
585.0   0.026
584.0   0.026
583.0   0.026
582.0   0.026
581.0   0.026
580.0   0.026
579.0   0.027
578.0   0.027
577.0   0.027
576.0   0.027
575.0   0.027
574.0   0.027
573.0   0.027
572.0   0.027
571.0   0.027
570.0   0.027
569.0   0.027
568.0   0.028
567.0   0.028
566.0   0.028
565.0   0.028
564.0   0.028
563.0   0.028
562.0   0.029
561.0   0.029
560.0   0.029
559.0   0.029
558.0   0.029
557.0   0.029
556.0   0.029
555.0   0.029
554.0   0.030
553.0   0.030
552.0   0.030
551.0   0.030
550.0   0.031
549.0   0.031
548.0   0.031
547.0   0.031
546.0   0.032
545.0   0.032
544.0   0.033
543.0   0.033
542.0   0.033
541.0   0.034
540.0   0.035
539.0   0.035
538.0   0.036
537.0   0.036
536.0   0.031
535.0   0.031
534.0   0.032
533.0   0.032
532.0   0.032
531.0   0.032
530.0   0.033
529.0   0.033
528.0   0.033
527.0   0.033
526.0   0.033
525.0   0.033
524.0   0.034
523.0   0.034
522.0   0.034
521.0   0.034
520.0   0.034
519.0   0.035
518.0   0.035
517.0   0.035
516.0   0.035
515.0   0.036
514.0   0.036
513.0   0.036
512.0   0.036
511.0   0.037
510.0   0.037
509.0   0.037
508.0   0.037
507.0   0.037
506.0   0.038
505.0   0.038
504.0   0.038
503.0   0.038
502.0   0.039
501.0   0.038
500.0   0.039
499.0   0.039
498.0   0.039
497.0   0.040
496.0   0.040
495.0   0.039
494.0   0.039
493.0   0.040
492.0   0.040
491.0   0.040
490.0   0.040
489.0   0.040
488.0   0.040
487.0   0.041
486.0   0.041
485.0   0.041
484.0   0.041
483.0   0.041
482.0   0.042
481.0   0.042
480.0   0.042
479.0   0.042
478.0   0.042
477.0   0.042
476.0   0.043
475.0   0.043
474.0   0.043
473.0   0.043
472.0   0.043
471.0   0.044
470.0   0.044
469.0   0.045
468.0   0.045
467.0   0.045
466.0   0.045
465.0   0.045
464.0   0.045
463.0   0.045
462.0   0.045
461.0   0.045
460.0   0.046
459.0   0.046
458.0   0.047
457.0   0.047
456.0   0.047
455.0   0.048
454.0   0.049
453.0   0.050
452.0   0.051
451.0   0.051
450.0   0.052
449.0   0.053
448.0   0.053
447.0   0.054
446.0   0.055
445.0   0.055
444.0   0.055
443.0   0.056
442.0   0.056
441.0   0.057
440.0   0.057
439.0   0.058
438.0   0.059
437.0   0.060
436.0   0.060
435.0   0.061
434.0   0.063
433.0   0.064
432.0   0.065
431.0   0.066
430.0   0.068
429.0   0.069
428.0   0.071
427.0   0.073
426.0   0.076
425.0   0.078
424.0   0.081
423.0   0.083
422.0   0.087
421.0   0.090
420.0   0.094
419.0   0.097
418.0   0.102
417.0   0.107
416.0   0.112
415.0   0.115
414.0   0.121
413.0   0.128
412.0   0.135
411.0   0.143
410.0   0.149
409.0   0.156
408.0   0.161
407.0   0.166
406.0   0.170
405.0   0.172
404.0   0.173
403.0   0.172
402.0   0.172
401.0   0.170
400.0   0.167
399.0   0.164
398.0   0.161
397.0   0.157
396.0   0.154
395.0   0.150
394.0   0.147
393.0   0.145
392.0   0.142
391.0   0.140
390.0   0.137
389.0   0.136
388.0   0.134
387.0   0.132
386.0   0.131
385.0   0.130
384.0   0.129
383.0   0.128
382.0   0.127
381.0   0.126
380.0   0.125
379.0   0.124
378.0   0.123
377.0   0.123
376.0   0.122
375.0   0.122
374.0   0.121
373.0   0.121
372.0   0.121
371.0   0.121
370.0   0.121
369.0   0.121
368.0   0.121
367.0   0.122
366.0   0.122
365.0   0.123
364.0   0.123
363.0   0.124
362.0   0.123
361.0   0.125
360.0   0.125
359.0   0.125
358.0   0.126
357.0   0.126
356.0   0.127
355.0   0.127
354.0   0.128
353.0   0.129
352.0   0.130
351.0   0.130
350.0   0.130
349.0   0.131
348.0   0.132
347.0   0.133
346.0   0.134
345.0   0.135
344.0   0.135
343.0   0.136
342.0   0.137
341.0   0.139
340.0   0.145
339.0   0.145
338.0   0.146
337.0   0.148
336.0   0.149
335.0   0.150
334.0   0.151
333.0   0.153
332.0   0.154
331.0   0.155
330.0   0.156
329.0   0.158
328.0   0.159
327.0   0.160
326.0   0.162
325.0   0.163
324.0   0.165
323.0   0.167
322.0   0.169
321.0   0.170
320.0   0.172
319.0   0.173
318.0   0.176
317.0   0.177
316.0   0.180
315.0   0.183
314.0   0.186
313.0   0.190
312.0   0.194
311.0   0.200
310.0   0.206
309.0   0.214
308.0   0.222
307.0   0.235
306.0   0.259
305.0   0.273
304.0   0.295
303.0   0.324
302.0   0.360
301.0   0.400
300.0   0.447
299.0   0.505
298.0   0.573
297.0   0.646
296.0   0.733
295.0   0.839
294.0   0.966
293.0   1.094
292.0   1.235
291.0   1.386
290.0   1.538
289.0   1.670
288.0   1.803
287.0   1.945
286.0   2.086
285.0   2.222
284.0   2.339
283.0   2.458
282.0   2.545
281.0   2.597
280.0   2.628
279.0   2.632
278.0   2.665
277.0   2.669
276.0   2.675
275.0   2.653
274.0   2.609
273.0   2.592
272.0   2.537
271.0   2.457
270.0   2.420
269.0   2.363
268.0   2.296
267.0   2.224
266.0   2.144
265.0   2.080
264.0   2.004
263.0   1.932
262.0   1.869
261.0   1.806
260.0   1.748
259.0   1.691
258.0   1.639
257.0   1.591
256.0   1.551
255.0   1.516
254.0   1.490
253.0   1.483
252.0   1.477
251.0   1.489
250.0   1.507
249.0   1.539
248.0   1.590
247.0   1.656
246.0   1.744
245.0   1.857
244.0   2.001
243.0   2.174
242.0   2.393
241.0   2.604
240.0   2.910
239.0   3.313
238.0   3.617
237.0   3.618
236.0   3.618
235.0   3.615
234.0   4.000
233.0   4.000
232.0   3.599
231.0   4.000
230.0   3.582
229.0   3.574
228.0   3.564
227.0   3.555
226.0   3.546
225.0   4.000
224.0   4.000
223.0   4.000
222.0   3.508
221.0   4.000
220.0   4.000
219.0   3.478
218.0   3.466
217.0   3.453
216.0   4.000
215.0   3.426
214.0   3.408
213.0   3.693
212.0   3.675
211.0   3.654
210.0   3.931
209.0   3.602
208.0   3.575
207.0   3.544
206.0   3.509
205.0   3.471
204.0   3.432
203.0   3.389
202.0   3.341
201.0   3.289
200.0   3.239
199.0   3.184
198.0   3.127
197.0   3.190
196.0   3.134
195.0   3.073
194.0   3.002
193.0   3.009
192.0   2.847
191.0   2.827
190.0   2.630
