700.0   0.018
699.0   0.018
698.0   0.018
697.0   0.018
696.0   0.018
695.0   0.018
694.0   0.019
693.0   0.019
692.0   0.019
691.0   0.019
690.0   0.019
689.0   0.019
688.0   0.019
687.0   0.019
686.0   0.019
685.0   0.019
684.0   0.019
683.0   0.019
682.0   0.019
681.0   0.019
680.0   0.019
679.0   0.019
678.0   0.019
677.0   0.019
676.0   0.020
675.0   0.020
674.0   0.020
673.0   0.020
672.0   0.020
671.0   0.020
670.0   0.020
669.0   0.020
668.0   0.020
667.0   0.021
666.0   0.021
665.0   0.021
664.0   0.021
663.0   0.021
662.0   0.021
661.0   0.021
660.0   0.021
659.0   0.021
658.0   0.021
657.0   0.022
656.0   0.022
655.0   0.022
654.0   0.022
653.0   0.022
652.0   0.023
651.0   0.023
650.0   0.023
649.0   0.023
648.0   0.023
647.0   0.023
646.0   0.023
645.0   0.023
644.0   0.024
643.0   0.024
642.0   0.023
641.0   0.023
640.0   0.023
639.0   0.023
638.0   0.024
637.0   0.025
636.0   0.025
635.0   0.026
634.0   0.027
633.0   0.027
632.0   0.027
631.0   0.027
630.0   0.027
629.0   0.027
628.0   0.027
627.0   0.027
626.0   0.027
625.0   0.027
624.0   0.027
623.0   0.027
622.0   0.027
621.0   0.027
620.0   0.027
619.0   0.027
618.0   0.027
617.0   0.027
616.0   0.027
615.0   0.027
614.0   0.027
613.0   0.028
612.0   0.028
611.0   0.028
610.0   0.028
609.0   0.028
608.0   0.028
607.0   0.028
606.0   0.028
605.0   0.028
604.0   0.028
603.0   0.028
602.0   0.028
601.0   0.028
600.0   0.028
599.0   0.028
598.0   0.029
597.0   0.029
596.0   0.029
595.0   0.029
594.0   0.029
593.0   0.029
592.0   0.029
591.0   0.029
590.0   0.029
589.0   0.029
588.0   0.030
587.0   0.030
586.0   0.030
585.0   0.030
584.0   0.030
583.0   0.030
582.0   0.030
581.0   0.031
580.0   0.031
579.0   0.031
578.0   0.031
577.0   0.031
576.0   0.031
575.0   0.031
574.0   0.031
573.0   0.031
572.0   0.031
571.0   0.032
570.0   0.032
569.0   0.032
568.0   0.032
567.0   0.032
566.0   0.032
565.0   0.032
564.0   0.032
563.0   0.033
562.0   0.033
561.0   0.033
560.0   0.033
559.0   0.033
558.0   0.033
557.0   0.033
556.0   0.034
555.0   0.034
554.0   0.034
553.0   0.034
552.0   0.035
551.0   0.035
550.0   0.035
549.0   0.036
548.0   0.036
547.0   0.036
546.0   0.036
545.0   0.037
544.0   0.037
543.0   0.038
542.0   0.038
541.0   0.039
540.0   0.039
539.0   0.040
538.0   0.040
537.0   0.041
536.0   0.036
535.0   0.037
534.0   0.037
533.0   0.037
532.0   0.037
531.0   0.037
530.0   0.037
529.0   0.038
528.0   0.038
527.0   0.038
526.0   0.038
525.0   0.039
524.0   0.039
523.0   0.039
522.0   0.039
521.0   0.039
520.0   0.039
519.0   0.040
518.0   0.040
517.0   0.040
516.0   0.041
515.0   0.041
514.0   0.041
513.0   0.041
512.0   0.041
511.0   0.042
510.0   0.042
509.0   0.042
508.0   0.042
507.0   0.042
506.0   0.043
505.0   0.043
504.0   0.043
503.0   0.043
502.0   0.043
501.0   0.044
500.0   0.044
499.0   0.044
498.0   0.045
497.0   0.045
496.0   0.045
495.0   0.044
494.0   0.045
493.0   0.045
492.0   0.046
491.0   0.045
490.0   0.046
489.0   0.046
488.0   0.046
487.0   0.046
486.0   0.046
485.0   0.047
484.0   0.047
483.0   0.047
482.0   0.047
481.0   0.047
480.0   0.047
479.0   0.048
478.0   0.048
477.0   0.048
476.0   0.048
475.0   0.049
474.0   0.049
473.0   0.049
472.0   0.049
471.0   0.049
470.0   0.050
469.0   0.050
468.0   0.051
467.0   0.051
466.0   0.051
465.0   0.051
464.0   0.051
463.0   0.051
462.0   0.051
461.0   0.052
460.0   0.052
459.0   0.052
458.0   0.053
457.0   0.053
456.0   0.054
455.0   0.054
454.0   0.055
453.0   0.055
452.0   0.056
451.0   0.057
450.0   0.057
449.0   0.058
448.0   0.059
447.0   0.059
446.0   0.060
445.0   0.061
444.0   0.061
443.0   0.062
442.0   0.062
441.0   0.063
440.0   0.064
439.0   0.064
438.0   0.065
437.0   0.066
436.0   0.067
435.0   0.068
434.0   0.069
433.0   0.070
432.0   0.072
431.0   0.073
430.0   0.074
429.0   0.076
428.0   0.078
427.0   0.080
426.0   0.083
425.0   0.085
424.0   0.088
423.0   0.091
422.0   0.094
421.0   0.097
420.0   0.101
419.0   0.105
418.0   0.110
417.0   0.115
416.0   0.119
415.0   0.123
414.0   0.130
413.0   0.136
412.0   0.143
411.0   0.150
410.0   0.156
409.0   0.163
408.0   0.168
407.0   0.173
406.0   0.176
405.0   0.178
404.0   0.179
403.0   0.179
402.0   0.178
401.0   0.176
400.0   0.173
399.0   0.171
398.0   0.167
397.0   0.164
396.0   0.160
395.0   0.157
394.0   0.154
393.0   0.151
392.0   0.148
391.0   0.146
390.0   0.144
389.0   0.142
388.0   0.140
387.0   0.139
386.0   0.138
385.0   0.136
384.0   0.136
383.0   0.134
382.0   0.134
381.0   0.133
380.0   0.132
379.0   0.131
378.0   0.131
377.0   0.130
376.0   0.129
375.0   0.129
374.0   0.129
373.0   0.128
372.0   0.128
371.0   0.128
370.0   0.128
369.0   0.128
368.0   0.128
367.0   0.129
366.0   0.130
365.0   0.129
364.0   0.130
363.0   0.130
362.0   0.130
361.0   0.131
360.0   0.132
359.0   0.132
358.0   0.133
357.0   0.133
356.0   0.134
355.0   0.135
354.0   0.135
353.0   0.136
352.0   0.136
351.0   0.137
350.0   0.138
349.0   0.139
348.0   0.139
347.0   0.141
346.0   0.142
345.0   0.143
344.0   0.143
343.0   0.144
342.0   0.146
341.0   0.146
340.0   0.153
339.0   0.154
338.0   0.156
337.0   0.156
336.0   0.157
335.0   0.159
334.0   0.160
333.0   0.161
332.0   0.162
331.0   0.163
330.0   0.165
329.0   0.167
328.0   0.168
327.0   0.169
326.0   0.172
325.0   0.172
324.0   0.173
323.0   0.175
322.0   0.177
321.0   0.180
320.0   0.181
319.0   0.183
318.0   0.185
317.0   0.187
316.0   0.190
315.0   0.192
314.0   0.196
313.0   0.200
312.0   0.204
311.0   0.209
310.0   0.215
309.0   0.222
308.0   0.232
307.0   0.245
306.0   0.270
305.0   0.283
304.0   0.306
303.0   0.335
302.0   0.371
301.0   0.412
300.0   0.460
299.0   0.518
298.0   0.586
297.0   0.660
296.0   0.747
295.0   0.855
294.0   0.982
293.0   1.112
292.0   1.254
291.0   1.406
290.0   1.554
289.0   1.693
288.0   1.825
287.0   1.969
286.0   2.111
285.0   2.245
284.0   2.369
283.0   2.497
282.0   2.568
281.0   2.623
280.0   2.656
279.0   2.690
278.0   2.694
277.0   2.699
276.0   2.704
275.0   2.653
274.0   2.633
273.0   2.592
272.0   2.557
271.0   2.490
270.0   2.435
269.0   2.389
268.0   2.317
267.0   2.241
266.0   2.172
265.0   2.092
264.0   2.024
263.0   1.944
262.0   1.882
261.0   1.826
260.0   1.764
259.0   1.707
258.0   1.660
257.0   1.609
256.0   1.567
255.0   1.536
254.0   1.513
253.0   1.501
252.0   1.502
251.0   1.505
250.0   1.529
249.0   1.561
248.0   1.610
247.0   1.679
246.0   1.778
245.0   1.883
244.0   2.025
243.0   2.209
242.0   2.421
241.0   2.701
240.0   2.910
239.0   3.313
238.0   3.617
237.0   3.618
236.0   4.000
235.0   3.615
234.0   3.611
233.0   3.606
232.0   3.599
231.0   4.000
230.0   4.000
229.0   3.574
228.0   3.564
227.0   3.555
226.0   4.000
225.0   4.000
224.0   4.000
223.0   4.000
222.0   4.000
221.0   3.498
220.0   4.000
219.0   4.000
218.0   4.000
217.0   3.453
216.0   4.000
215.0   3.426
214.0   3.408
213.0   3.994
212.0   3.675
211.0   3.654
210.0   3.931
209.0   3.903
208.0   3.575
207.0   3.845
206.0   3.509
205.0   3.471
204.0   3.734
203.0   3.690
202.0   3.642
201.0   3.590
200.0   3.239
199.0   3.485
198.0   3.127
197.0   3.366
196.0   3.310
195.0   3.152
194.0   3.081
193.0   3.009
192.0   2.926
191.0   2.827
190.0   2.709
