700.0   0.015
699.0   0.015
698.0   0.015
697.0   0.015
696.0   0.015
695.0   0.015
694.0   0.016
693.0   0.015
692.0   0.015
691.0   0.016
690.0   0.016
689.0   0.016
688.0   0.016
687.0   0.016
686.0   0.016
685.0   0.016
684.0   0.016
683.0   0.016
682.0   0.016
681.0   0.016
680.0   0.016
679.0   0.016
678.0   0.016
677.0   0.016
676.0   0.016
675.0   0.016
674.0   0.016
673.0   0.016
672.0   0.016
671.0   0.016
670.0   0.016
669.0   0.016
668.0   0.016
667.0   0.016
666.0   0.016
665.0   0.016
664.0   0.017
663.0   0.017
662.0   0.017
661.0   0.017
660.0   0.017
659.0   0.017
658.0   0.017
657.0   0.017
656.0   0.017
655.0   0.017
654.0   0.017
653.0   0.017
652.0   0.017
651.0   0.018
650.0   0.018
649.0   0.018
648.0   0.018
647.0   0.018
646.0   0.018
645.0   0.018
644.0   0.018
643.0   0.018
642.0   0.018
641.0   0.017
640.0   0.017
639.0   0.017
638.0   0.018
637.0   0.018
636.0   0.019
635.0   0.019
634.0   0.019
633.0   0.020
632.0   0.020
631.0   0.019
630.0   0.020
629.0   0.019
628.0   0.019
627.0   0.019
626.0   0.020
625.0   0.020
624.0   0.020
623.0   0.020
622.0   0.020
621.0   0.020
620.0   0.020
619.0   0.020
618.0   0.020
617.0   0.020
616.0   0.020
615.0   0.020
614.0   0.021
613.0   0.021
612.0   0.021
611.0   0.021
610.0   0.021
609.0   0.021
608.0   0.021
607.0   0.021
606.0   0.021
605.0   0.021
604.0   0.021
603.0   0.022
602.0   0.022
601.0   0.022
600.0   0.022
599.0   0.022
598.0   0.022
597.0   0.022
596.0   0.022
595.0   0.023
594.0   0.023
593.0   0.023
592.0   0.023
591.0   0.023
590.0   0.024
589.0   0.024
588.0   0.024
587.0   0.025
586.0   0.025
585.0   0.025
584.0   0.026
583.0   0.026
582.0   0.027
581.0   0.027
580.0   0.027
579.0   0.028
578.0   0.028
577.0   0.028
576.0   0.029
575.0   0.029
574.0   0.029
573.0   0.029
572.0   0.029
571.0   0.029
570.0   0.029
569.0   0.029
568.0   0.029
567.0   0.028
566.0   0.029
565.0   0.029
564.0   0.029
563.0   0.029
562.0   0.029
561.0   0.029
560.0   0.029
559.0   0.029
558.0   0.029
557.0   0.029
556.0   0.029
555.0   0.029
554.0   0.030
553.0   0.030
552.0   0.030
551.0   0.030
550.0   0.031
549.0   0.031
548.0   0.031
547.0   0.031
546.0   0.032
545.0   0.032
544.0   0.032
543.0   0.033
542.0   0.033
541.0   0.034
540.0   0.034
539.0   0.033
538.0   0.034
537.0   0.034
536.0   0.032
535.0   0.032
534.0   0.032
533.0   0.032
532.0   0.032
531.0   0.032
530.0   0.032
529.0   0.032
528.0   0.032
527.0   0.032
526.0   0.032
525.0   0.032
524.0   0.032
523.0   0.032
522.0   0.032
521.0   0.031
520.0   0.031
519.0   0.032
518.0   0.032
517.0   0.031
516.0   0.032
515.0   0.032
514.0   0.032
513.0   0.032
512.0   0.032
511.0   0.032
510.0   0.032
509.0   0.032
508.0   0.032
507.0   0.032
506.0   0.032
505.0   0.032
504.0   0.033
503.0   0.033
502.0   0.033
501.0   0.033
500.0   0.033
499.0   0.033
498.0   0.033
497.0   0.034
496.0   0.034
495.0   0.034
494.0   0.034
493.0   0.034
492.0   0.035
491.0   0.035
490.0   0.035
489.0   0.035
488.0   0.035
487.0   0.036
486.0   0.036
485.0   0.036
484.0   0.036
483.0   0.036
482.0   0.037
481.0   0.037
480.0   0.037
479.0   0.037
478.0   0.037
477.0   0.038
476.0   0.038
475.0   0.038
474.0   0.038
473.0   0.039
472.0   0.039
471.0   0.039
470.0   0.039
469.0   0.040
468.0   0.040
467.0   0.040
466.0   0.041
465.0   0.041
464.0   0.041
463.0   0.041
462.0   0.041
461.0   0.042
460.0   0.042
459.0   0.043
458.0   0.043
457.0   0.044
456.0   0.044
455.0   0.045
454.0   0.045
453.0   0.046
452.0   0.047
451.0   0.047
450.0   0.048
449.0   0.049
448.0   0.049
447.0   0.050
446.0   0.051
445.0   0.052
444.0   0.052
443.0   0.053
442.0   0.054
441.0   0.055
440.0   0.056
439.0   0.057
438.0   0.058
437.0   0.059
436.0   0.061
435.0   0.062
434.0   0.064
433.0   0.066
432.0   0.068
431.0   0.070
430.0   0.073
429.0   0.076
428.0   0.079
427.0   0.082
426.0   0.087
425.0   0.091
424.0   0.095
423.0   0.100
422.0   0.105
421.0   0.111
420.0   0.116
419.0   0.121
418.0   0.127
417.0   0.132
416.0   0.137
415.0   0.139
414.0   0.142
413.0   0.145
412.0   0.147
411.0   0.148
410.0   0.148
409.0   0.147
408.0   0.146
407.0   0.144
406.0   0.142
405.0   0.139
404.0   0.136
403.0   0.133
402.0   0.130
401.0   0.127
400.0   0.123
399.0   0.120
398.0   0.117
397.0   0.114
396.0   0.112
395.0   0.109
394.0   0.107
393.0   0.105
392.0   0.103
391.0   0.102
390.0   0.100
389.0   0.099
388.0   0.097
387.0   0.096
386.0   0.095
385.0   0.094
384.0   0.093
383.0   0.093
382.0   0.092
381.0   0.091
380.0   0.090
379.0   0.090
378.0   0.090
377.0   0.090
376.0   0.090
375.0   0.089
374.0   0.089
373.0   0.090
372.0   0.090
371.0   0.090
370.0   0.090
369.0   0.091
368.0   0.091
367.0   0.092
366.0   0.093
365.0   0.089
364.0   0.090
363.0   0.090
362.0   0.092
361.0   0.093
360.0   0.093
359.0   0.095
358.0   0.096
357.0   0.097
356.0   0.098
355.0   0.099
354.0   0.100
353.0   0.101
352.0   0.102
351.0   0.103
350.0   0.104
349.0   0.105
348.0   0.106
347.0   0.107
346.0   0.109
345.0   0.110
344.0   0.110
343.0   0.112
342.0   0.113
341.0   0.114
340.0   0.113
339.0   0.114
338.0   0.115
337.0   0.115
336.0   0.117
335.0   0.119
334.0   0.120
333.0   0.121
332.0   0.122
331.0   0.123
330.0   0.125
329.0   0.127
328.0   0.128
327.0   0.129
326.0   0.132
325.0   0.133
324.0   0.135
323.0   0.136
322.0   0.138
321.0   0.140
320.0   0.141
319.0   0.143
318.0   0.145
317.0   0.147
316.0   0.150
315.0   0.152
314.0   0.156
313.0   0.160
312.0   0.165
311.0   0.172
310.0   0.180
309.0   0.188
308.0   0.199
307.0   0.213
306.0   0.240
305.0   0.254
304.0   0.279
303.0   0.309
302.0   0.347
301.0   0.389
300.0   0.439
299.0   0.499
298.0   0.570
297.0   0.646
296.0   0.737
295.0   0.849
294.0   0.982
293.0   1.118
292.0   1.266
291.0   1.423
290.0   1.582
289.0   1.728
288.0   1.863
287.0   2.009
286.0   2.147
285.0   2.282
284.0   2.401
283.0   2.541
282.0   2.593
281.0   2.651
280.0   2.656
279.0   2.722
278.0   2.727
277.0   2.731
276.0   2.704
275.0   2.681
274.0   2.633
273.0   2.592
272.0   2.517
271.0   2.473
270.0   2.406
269.0   2.351
268.0   2.266
267.0   2.191
266.0   2.123
265.0   2.042
264.0   1.973
263.0   1.902
262.0   1.837
261.0   1.782
260.0   1.725
259.0   1.675
258.0   1.625
257.0   1.591
256.0   1.556
255.0   1.536
254.0   1.522
253.0   1.523
252.0   1.534
251.0   1.555
250.0   1.590
249.0   1.631
248.0   1.693
247.0   1.776
246.0   1.874
245.0   2.005
244.0   2.166
243.0   2.334
242.0   2.597
241.0   2.826
240.0   3.132
239.0   3.614
238.0   4.000
237.0   4.000
236.0   4.000
235.0   4.000
234.0   4.000
233.0   4.000
232.0   4.000
231.0   4.000
230.0   4.000
229.0   4.000
228.0   4.000
227.0   4.000
226.0   4.000
225.0   4.000
224.0   4.000
223.0   4.000
222.0   4.000
221.0   4.000
220.0   4.000
219.0   4.000
218.0   4.000
217.0   4.000
216.0   4.000
215.0   4.000
214.0   4.000
213.0   4.000
212.0   4.000
211.0   4.000
210.0   4.000
209.0   4.000
208.0   3.876
207.0   4.000
206.0   4.000
205.0   4.000
204.0   4.000
203.0   4.000
202.0   4.000
201.0   4.000
200.0   4.000
199.0   4.000
198.0   4.000
197.0   4.000
196.0   3.912
195.0   3.851
194.0   3.780
193.0   3.708
192.0   4.000
191.0   3.526
190.0   3.408
